latitude|longitude
4.9257542|114.8871242
2.936699|101.7119172
29.3094016|-94.7958623
35.16708411|136.9041381
52.4293965|16.8932826
39.33475|29.251093
30.0410521|31.2625444
13.6290179|102.610794
35.667373|139.6957641
1.3140995|103.8907884
16.7143158|98.4948883
1.514765|103.645121
14.541108|120.997163
1.5535095|103.7124159
22.7228522|120.3123713
2.2332084|103.190404
16.0507488|48.9804746
35.667741|139.696662
25.0463601|55.2319019
4.2579953|103.4339677
29.3351408|48.0575741
30.0465063|31.3734313
10.6274832|103.507433
35.6964871|140.7364019
10.66869|-14.604417
5.6414241|100.4996113
31.2026711|130.6288767
24.0054362|120.3779578
10.629251|103.526006
24.7234566|121.1270889
2.5094196|102.1264444
3.0499861|101.4456733
1.3242147|109.9541882
3.1871145|101.7397487
31.955666|131.178683
43.06973|142.941983
25.0186464|121.1591698
3.1673316|101.7043128
30.046783|31.3704401
30.0502371|31.2651124
4.9812126|114.9526139
11.06674|106.162211
30.0504268|31.3620063
3.1806476|101.5343276
1.492286|103.715068
37.5399941|126.9696439
13.6640328|102.5608139
34.7448675|137.3548976
22.4261605|113.9873242
27.1977068|60.4796223
37.496886|126.845343
45.86056171|14.26471506
25.2893166|55.3248642
34.09057|133.6562033
30.045361|31.3603897
2.4157923|102.6713265
25.1351663|121.463345
3.1884554|101.5910198
1.342044|103.74661
3.1326062|101.7883553
3.0649728|101.4807017
30.0439332|31.372809
2.2238548|102.333278
26.4035128|43.9298182
1.3087077|103.90554
21.434193|39.8394011
45.87100806|1.173715676
42.22524483|-8.717643909
-35.0175313|138.5554699
21.553373|39.2204215
21.7225341|-78.97858599
2.7832489|102.5198157
24.6390568|46.7340509
19.3599807|-99.1471719
3.0058168|101.788699
-6.939019938|23.49856731
1.548514|30.223716
1.4703489|103.7566141
3.1860359|101.4010935
21.5453012|39.235061
12.36947984|-69.15213138
77.86698513|-71.57180786
1.4699142|103.7554603
1.470839|103.756051
50.07791823|12.37089146
3.0975101|101.5547376
1.4699026|103.7558046
1.469905|103.755689
30.0621931|31.3284882
35.1479479|129.0614576
40.06019736|-95.60204885
56.9057428|60.8181829
37.0638791|138.8779728
21.5494006|39.1441247
25.1512456|75.8405282
19.3599807|-99.1471719
34.683588|135.050095
3.2088683|101.7052336
-2.6089847|140.9961705
19.3599807|-99.1471719
13.6570289|102.5651608
37.4046633|126.6974207
30.0411392|31.2603402
21.4491277|39.8458551
42.90526201|11.30621375
3.0190444|101.5852628
21.543269|39.161855
10.6095518|103.517127
3.0703996|101.4005492
21.502735|39.186484
1.469929|103.755408
21.5184568|39.2613352
21.5432105|39.1617112
3.0546002|101.4912849
15.5381771|32.5653781
25.3122181|55.8846412
21.6291701|39.1662773
2.7484664|101.9707355
24.9911826|121.5399445
21.5431366|39.1615647
3.111435|101.668812
35.305609|137.031293
4.8878791|114.9440919
2.2403986|102.2724967
30.0512626|31.2646634
25.8934612|51.5497432
21.418244|39.825044
3.1660877|101.7019156
13.6737|102.558372
26.7115648|127.8092783
18.4507374|-66.0643136
21.5572934|39.227521
24.9786955|121.5681419
38.5349745|141.0705683
30.0454557|31.3626782
-25.9867252|28.1215275
21.5432138|39.1618794
1.4700439|103.7557988
21.543081|39.1616574
21.468978|39.7998569
15.536511|32.5657316
3.113624|101.663873
2.9420537|101.6110995
2.9463423|101.5470079
34.7058071|33.114003
43.06057281|142.8544557
21.5027695|39.1865453
1.469879|103.75569
3.2174209|101.7376827
24.6385855|46.7347488
21.374538|39.787273
30.04484167|31.36155
18.1366377|42.6652821
26.4089493|43.9299035
19.0990719|72.8642866
56.0462924|92.9693193
5.311094|100.295341
15.534396|32.56683
24.970943|121.19505
30.046803|31.265536
30.0447285|31.2618313
15.5374699|32.5679391
10.6327654|103.5196121
2.503792|102.8224245
24.9677681|121.1924048
48.830051|2.281657
-23.7186348|-46.6282423
3.112350885|101.8198707
14.5583972|121.0194048
35.4695276|129.3369986
22.3771373|114.1118171
21.5440864|39.1844002
21.6077273|39.2118414
1.351838|103.7196511
21.543262|39.161651
3.164036|101.700801
25.064397|121.625701
35.702425|139.700632
3.1647476|101.6983836
1.470502|103.755917
3.0457016|101.6611155
24.2517188|120.8426287
50.5922783|27.6209595
14.5753033|121.0022521
25.2401081|55.2983709
-11.5485998|-75.9392174
4.8942906|114.8378486
1.3202066|103.8515167
25.2491909|55.4120362
1.484070135|103.890993
62.19253219|99.09189664
25.3461032|51.4355166
4.1774875|114.3365573
1.545813|103.626305
1.3443011|103.9512035
25.1472335|55.2893287
21.5430699|39.1615738
4.4956287|101.3897533
38.93040231|35.41290483
-3.7701631|-38.6286773
30.0398535|31.2620527
30.039512|31.2617068
26.1469612|127.6645029
3.110793|101.663745
21.4010968|39.8143674
30.0468284|31.3636439
21.543235|39.203574
34.69041228|135.1952235
1.469863|103.755608
-33.924813|151.0752701
23.8472036|53.6346498
-2.6090748|140.9954099
3.1048226|101.6346727
19.3599807|-99.1471719
1.3513951|104.2230622
19.3599807|-99.1471719
24.4606509|39.603816
1.4584854|103.7652178
44.74477154|9.414690574
5.2822297|100.2733547
4.8685204|114.811079
3.0439599|101.603038
11.5519937|104.940072
17.3432881|78.4986051
16.05025|48.97053
19.3599807|-99.1471719
21.5475112|39.145181
13.65889|102.552442
2.9153994|101.8800085
29.302071|47.898847
1.4699304|103.7557732
24.3276169|54.5374319
23.54146708|45.51547804
14.552473|121.053743
-5.8940514|-35.7677699
21.4085153|39.2457125
1.469833|103.755647
35.66793486|139.7176844
-33.83369991|151.143449
24.3454122|120.6194501
36.7918158|10.1676473
24.4344154|54.4319673
15.5240942|32.5766883
3.1721879|101.6496953
14.5583818|121.0193866
11.5925798|104.8970834
25.2134371|55.280937
44.9033274|-0.2424975
15.5343208|32.5647682
3.109627|101.5890295
4.8868508|114.8486454
30.0420278|31.2622267
1.4698689|103.7554899
21.5434208|39.2035369
24.4908565|39.5917435
1.6736589|110.010165
-2.6108729|140.9821781
21.4143694|39.8231726
24.6395861|46.7289624
3.0144271|101.5592334
34.0618059|134.3253674
1.4698615|103.7554834
24.638613|46.7348085
16.0487777|48.9756556
30.0480906|31.3721766
30.0454131|31.3792656
24.7682997|46.8320938
22.9644928|76.0458254
1.5655671|103.5861461
30.046311|31.372401
30.0418733|31.2631536
15.5307531|32.5674989
15.5370679|32.5682058
14.7593222|49.3817746
43.95795155|0.371962875
15.5368161|32.5645454
30.0473277|31.2668881
30.04134|31.2623627
3.140065|101.7843725
3.7327602|103.1244017
14.3886753|33.5400831
21.5429843|39.1713921
49.76815319|6.02497405
19.3599807|-99.1471719
30.0620897|31.3283543
16.0507728|48.9803812
24.468613|39.542949
3.14614|101.738023
32.921707|130.541389
1.470533|103.756125
34.884263|134.87624
7.9045699|98.2992574
15.5342645|32.5735074
-4.124721|143.733002
3.1858243|101.7721709
3.1195402|101.6298262
15.5349327|32.5688996
14.558218|121.019165
1.3240136|103.7998286
24.4421079|39.5117306
30.067874|31.324174
21.5431512|39.1615708
24.485358|39.6650991
37.3305007|126.7916774
13.6658151|102.5619924
60.08688729|-43.13288791
21.7656174|39.1899492
30.050503|31.2682
21.3842675|39.8094149
21.809491|39.1322819
50.9007422|0.0735775
32.6837816|128.8194964
24.0683635|52.654527
24.074951|121.170082
1.4709343|103.7569762
24.4810698|39.570604
30.0620629|31.3848481
21.4343534|39.7871232
1.505071|103.826368
1.4698759|103.7557159
21.542438|39.16114
24.4504819|39.6451696
5.3644864|100.4461537
19.3599807|-99.1471719
13.667102|102.566524
30.0433152|31.2641006
1.538099912|103.7480155
3.0422638|101.5288961
1.4709681|103.7570013
50.1244706|19.7144482
15.5454572|32.5660851
22.6500333|120.3452583
24.065606|52.66646
1.0551928|110.735155
35.6098086|139.5996424
13.6570294|102.5651552
30.041514|31.263095
36.30804377|138.9201069
43.17226456|143.2406552
29.9758888|31.3972914
30.0478516|31.3735035
30.0480198|31.372205
21.4153429|39.8309261
1.5564233|103.6139031
30.043884|31.26088
38.4999768|43.3868958
41.0301166|28.9188708
25.21939812|55.27294754
24.076044|52.656913
21.5430646|39.1615832
19.3599807|-99.1471719
30.0426731|31.2631434
1.5450353|103.7073965
1.3545654|103.8421564
15.532009|32.5657316
21.6096083|39.1369339
61.6581211|50.807649
15.5296017|32.5642638
34.9123875|132.1050944
13.6773825|102.5630035
35.7875928|140.036061
10.612093|103.54125
-34.7251537|135.8622455
11.069441|106.164146
40.350372|27.967007
15.5309628|32.5759815
22.3905311|114.1966175
3.1321391|101.7326301
13.6552002|102.5685637
13.688975|102.577563
21.4153177|39.8310068
13.660893|102.5659197
35.0613462|128.0709751
24.8138242|46.6804285
2.867969|101.730448
21.596656|39.157948
22.4171071|114.2295926
24.8237864|120.9233293
14.563563|121.0213664
4.9006051|114.9262506
24.7262446|46.7648563
36.2059579|139.1241001
10.622191|103.515765
36.4361402|139.976095
25.4716047|55.50805
15.5329686|32.5579551
24.987582|55.1827905
33.655684|130.657843
35.7425929|140.6108555
23.775502|120.5780605
34.3849728|133.0564483
25.0227124|121.5680701
-13.7331623|131.0447995
25.096847|121.3784608
3.6092107|113.6745835
10.963618|105.0604633
10.627318|103.525119
3.1264508|101.6609712
20.644766|40.875193
2.992341|101.7158787
10.620573|103.537839
13.660935|102.555333
3.1290982|101.6108252
49.3846845|8.6862765
1.505825|103.764784
14.5549462|121.0181901
3.164948|101.691629
37.782624|30.5412896
24.0839271|120.4823584
32.7564502|130.6924114
13.659506|102.558955
13.6801963|102.5673856
13.6636271|102.5618431
22.9526121|120.330185
3.0697624|101.518369
6.1128915|102.277629
10.6236885|103.5446897
24.1499765|120.50218
22.4516273|114.1554901
15.5397872|32.5692661
10.622996|103.518232
5.3892305|100.5723923
3.069519|101.714714
5.3665578|100.5501801
10.622144|103.515496
11.0696849|106.1685697
13.6723805|102.5635615
30.0532694|31.3973582
48.3115956|16.2574859
10.616125|103.5268716
1.5163846|110.3558455
35.667798|139.696798
22.4739896|114.2209558
34.908542|137.142584
3.19398|101.540999
1.6146511|103.6553126
30.044733|31.337771
25.0830802|121.5806906
25.0213514|121.4225823
16.04864954|48.97548678
3.209503|101.749409
29.771283|-95.704209
13.671393|102.563428
-33.922796|151.189613
41.6363248|32.3389339
25.0159852|121.3673717
36.3094026|139.1887365
30.0487988|31.2660098
3.242761|101.660239
1.5596422|103.8521145
19.3599807|-99.1471719
5.2389016|117.999185
22.3353647|114.1622429
35.0330577|136.7806536
24.3570534|54.5538234
5.5982102|100.5382251
24.2769318|120.5090177
25.070361|121.4909414
10.6387411|103.5143497
13.6910574|102.5807988
13.659258|102.552808
13.641756|102.578027
30.0495312|31.2662522
10.609166|103.517258
5.3658537|100.4128016
25.0052548|121.5150232
1.8306949|103.8348496
1.5247227|103.719675
10.632163|103.527817
43.6442998|142.44982
35.561967|139.512272
3.1817061|101.7062595
21.4162477|39.82909
30.0407148|31.2590053
3.2385476|101.6522261
40.7297363|31.6029636
-36.847517|174.7624505
13.6745794|102.5587983
30.0433135|31.2641109
10.6160485|103.5068865
24.9970458|121.3073922
26.0325205|56.0971786
35.0425867|136.5193327
2.800274|101.819725
2.9725046|101.6230656
35.329395|136.77289
10.6327591|103.508304
33.5846296|131.2257728
30.0421706|31.2616279
1.5561321|103.7274213
13.660142|102.562897
11.072572|106.1608344
24.952684|121.238437
3.0534311|101.5838546
1.3664024|103.881588
36.3681333|127.3567198
14.5646718|121.0290305
8.167104|99.722282
3.1453102|113.0899791
15.5364527|32.5660851
35.6680444|139.6967214
61.75368262|27.24722906
10.959239|105.073632
11.0661081|106.1618849
1.5666232|103.5956145
3.5160322|102.1434406
24.0833351|120.5457368
24.6970366|46.6402488
34.7092979|135.5302597
11.0748007|106.1671534
1.4331613|103.7987984
13.667137|102.560977
24.4565704|39.6161626
51.56348|-0.108075
1.4912377|110.3407488
14.562005|121.021016
24.9893461|121.3115608
13.6625576|102.5574299
3.1680404|113.6158147
1.5202511|103.7519949
3.0684479|101.4197743
52.538294|13.269891
25.3213074|55.3836735
1.3507905|103.7395464
10.9554416|105.0698761
11.5516898|104.9364866
10.6124884|103.5349246
35.667305|139.697756
22.336921|114.1672047
10.6416296|103.5368008
2.245676|102.27712
10.604678|103.564259
10.962946|105.060706
21.4301703|39.2135092
30.0485057|31.2677221
26.3120199|50.1441778
10.6372061|103.5148967
1.614671|103.658146
13.6776567|102.5630883
25.3520388|55.3832632
21.4514161|39.286402
14.5619172|121.0215801
26.083226|44.0084526
13.6596751|102.5589186
13.666856|102.56749
13.677293|102.563288
47.6373061|17.9769713
35.6594803|139.5445064
36.124003|140.04282
24.1677679|120.714359
10.6045097|103.5635043
4.3995542|113.990061
35.5562867|139.6845839
36.0435014|128.3466962
11.0716504|106.1523188
21.4463821|39.801144
24.109262|120.685267
5.2913774|100.5037753
30.050031|31.267406
13.6795246|102.5624244
10.6344384|103.5309926
2.901778|101.7630073
4.899117|114.899287
35.634305|139.488562
1.375502|103.8884321
13.6793479|102.5618817
15.5304897|32.5671454
2.9662265|101.3927986
24.7890295|46.637199
10.6132261|103.5536538
22.3676534|114.1290543
34.9950554|135.7187932
13.6591758|102.557233
25.1183688|121.5416609
22.2551248|114.1327388
10.6175249|103.5209559
1.3725276|103.7696502
2.900900901|101.4633524
13.6811611|102.5833733
13.6811579|102.5833734
1.6772525|110.342539
14.5583147|121.0193292
36.14877228|-115.1587841
2.740599|102.2314633
33.240478|130.287871
34.1253835|130.9194401
23.01325|120.231867
13.6777177|102.5611713
3.1938769|101.584698
1.658063|103.630283
21.4340353|39.8560315
14.5625734|121.0230578
36.2830346|139.3022758
13.6709856|102.5637062
35.086944|128.857077
30.046985|31.371663
35.6684838|139.6974272
3.1438943|101.7044036
30.04915771|31.26911487
1.6145608|103.6553604
10.63063063|103.5245534
11.077998|106.165518
21.6222597|39.1092758
35.0198627|136.1295088
13.673974|102.56905
5.3797088|100.2142819
4.9429032|114.9433437
30.0438061|31.2642496
-33.890527|151.088824
47.505508|19.114663
22.3868981|113.974649
3.0201199|101.5925844
14.5583349|121.0193246
43.6536209|1.3712052
35.667697|139.861408
10.6090511|103.5758506
11.0746842|106.1672426
13.6626387|102.55348
37.395577|126.67847
3.0202577|101.5923617
11.5249738|104.9623256
30.0443486|31.3667956
22.4650789|113.9876581
30.0417333|31.2615486
13.6617295|102.5580429
35.4352277|136.5799667
30.0476019|31.3681566
11.0748839|106.1671526
14.547915|121.006922
34.885772|136.48939
4.7006197|101.1037089
36.3451731|139.2758967
2.928034|101.4451823
52.4385842|-1.936578
3.2065062|101.6764021
30.0577151|31.2771811
3.2229555|101.7288176
35.667809|139.696683
-35.2756351|149.1240851
22.3043432|114.1728629
24.777145|120.9472909
24.983864|121.506821
4.4206804|118.3109434
21.415017|39.829913
35.8539591|128.8083656
23.342169|120.172813
30.0435264|31.26245
1.3706396|103.8986503
34.823759|135.520041
13.6592672|102.5584793
13.6919388|100.6030383
34.4963913|133.3525642
24.758854|121.7556732
36.9257792|140.4057477
24.457115|39.602875
25.0052138|121.4843571
25.1761822|121.4436252
13.6789193|102.5617032
10.62878|103.535507
30.042657|31.261436
2.2300895|102.2574971
1.4890318|103.8689106
33.5704458|130.3408201
33.4091615|130.6793577
1.5251397|103.7710137
35.560069|139.325293
34.836307|134.591153
3.1660598|101.6920615
33.964742|131.171968
10.95314|105.0785783
13.672471|102.5628172
34.710391|137.555504
2.7036223|101.9592366
13.666083|102.571684
10.605702|103.543057
21.6045101|39.7988915
38.6247843|27.4096359
65.04651619|-18.67533813
3.1659242|101.6090322
41.7299517|27.218179
-33.9529588|151.2292196
13.681222|102.583451
10.9287271|106.1385774
10.9594874|105.0705405
30.0518211|31.3750865
42.7406946|10.963569
13.6801513|102.5623458
30.047123|31.366586
24.6528241|121.7301441
30.0559121|31.3399715
24.1562108|120.6427662
24.6401967|46.594457
35.8929355|128.6190465
35.3480004|139.4660506
1.4698937|103.7556126
3.1977787|101.7279493
1.8279221|103.3038599
21.692865|39.1125721
23.3070809|120.2984063
13.671749|102.560302
30.043607|31.26258
11.0752344|106.1538653
39.895693|32.836954
34.777626|133.581594
3.083421|101.713266
3.1094654|101.7509432
38.421226|140.319567
13.6811733|102.5833646
13.7048497|102.5597433
2.2324453|111.8276075
11.06306306|106.1712233
21.2911326|40.4325639
30.046895|31.371757
3.192195|101.627921
24.6913001|46.6438148
24.5242685|39.5422156
4.191978|114.311585
22.4173166|113.9755442
35.466958|-93.507076
14.567091|121.030936
30.0417073|31.2615603
1.489997|103.765318
24.1020752|120.5183408
1.3376801|103.6917501
20.3354342|100.0962761
5.2914769|103.1265606
3.0659754|101.460778
21.4709654|39.2172524
14.5643191|121.0221001
35.1592875|136.8327988
34.3535905|132.53489
30.0479864|31.2669506
10.6067893|103.5474293
24.986223|121.506397
34.7782237|133.5905265
22.3052152|114.1859716
13.6684184|102.570515
36.7705296|137.0832183
22.4358487|114.012748
31.9613525|131.301827
13.661013|102.555467
25.0193961|121.2924875
22.3503986|114.197811
3.244638|101.721456
3.8105899|103.3231757
20.3082687|40.0420006
33.5329688|36.2931766
10.61472277|103.5507465
37.3329845|126.7938237
23.043365|120.21885
26.0988247|50.5651932
4.7117191|103.4032845
15.537001|32.5659096
22.65065|120.355026
30.0696139|31.2760481
23.2952258|113.1114236
10.9608909|105.0599425
13.6416974|102.5782395
10.641432|103.536748
5.3615351|100.2749148
13.678267|102.5603429
30.0433253|31.2629532
13.688895|102.577699
30.049305|31.26372
1.3387282|103.8578402
13.64141|102.577799
38.421255|140.319588
24.3806931|54.6951633
10.6328977|103.5083525
25.7273054|119.3856173
21.6020395|39.1655778
24.4735163|39.6123992
13.2196458|44.0355347
30.0406178|31.3380998
13.6621157|102.5584721
10.6326741|103.5083278
25.1104706|121.8055464
13.675996|102.561482
30.046838|31.265813
10.6331975|103.5083665
30.0431176|31.2600443
30.0379444|31.2595964
34.2053956|129.293017
34.553176|135.562737
4.2926369|100.6279254
3.1097239|101.4466695
21.414597|39.8222494
13.659718|102.555423
11.0663554|106.1636699
13.072678|44.3944179
1.524037|103.766235
30.0409692|31.2624397
10.5982637|103.561949
13.677569|102.571187
15.5349425|32.5685551
2.681632|101.8680992
1.621199|103.657933
13.6417031|102.5779635
22.1981982|120.6932325
10.6371901|103.514833
25.0124756|121.542144
25.1157563|121.5289715
21.3844523|39.8095999
11.0725347|106.1610294
37.0180767|140.9679527
36.43615|139.976163
13.6596892|102.5590316
14.4875092|49.0425997
13.680256|102.56743
2.8192689|101.6953909
36.2294973|139.4451937
30.0562546|31.2634125
24.7351888|46.7000327
13.681047|102.583334
24.9547925|121.2410219
21.4112257|39.7925957
10.9597764|105.0735291
1.586167|103.855486
24.236404|120.506425
13.6597138|102.55895
30.047318|31.367935
34.703573|137.33338
14.810103|49.5889219
14.433468|103.701727
1.6965159|103.4898991
21.4732265|39.9281146
24.4825325|39.5587833
33.5941029|131.2256806
34.2460309|133.918158
21.5691424|39.2010179
2.7881875|101.4798507
36.3245804|139.4073723
13.6614085|102.5577457
14.5655518|121.0044196
4.887867|114.911236
10.6134902|103.5580241
3.0471981|113.9147989
13.672255|102.565485
13.671351|102.562021
4.3224701|102.0216738
1.602591|103.643767
25.0096263|121.2977592
10.6305493|103.512995
21.3927925|39.8788731
23.4229287|120.1535721
37.7347034|126.5867099
25.1119305|121.424011
10.620502|103.525636
1.496192|103.906181
24.1246092|120.7353644
25.08328233|121.5395553
3.09825|101.4454813
34.670912|133.72885
21.42785997|39.8262724
30.0467198|31.2651398
30.042033|31.262322
13.676167|102.57016
13.6822466|102.5631463
30.043786|31.263286
30.056015|31.458059
30.0421547|31.2622432
13.6719451|102.5732892
1.5039461|103.7610102
21.4146208|39.830419
13.672288|102.565585
13.6800917|102.564764
35.8879689|139.3477073
10.962382|105.060406
25.0529558|121.5467027
11.0707303|106.1650669
3.0211878|101.5540514
36.430609|139.049988
3.1569744|101.6181381
5.3727176|100.3973406
21.4098565|39.8664618
22.645195|120.305404
13.6421576|102.5765638
30.041039|31.2627
24.3457653|120.6203937
3.2303083|101.7088395
13.662996|102.557994
13.6730032|102.5664005
1.4700079|103.7558708
1.5026047|103.8857988
16.0508066|48.9804201
24.067383|52.652167
25.0557486|121.1955641
13.6773985|102.5628397
30.0446658|31.2619057
3.1008535|101.7433968
5.4236171|100.5502794
10.6223801|103.5170823
30.0425758|31.2630776
13.659631|102.5588948
36.3002982|139.8318546
2.903473|101.763525
13.666908|102.561485
14.1331289|101.5089001
21.403458|39.792557
13.6673823|102.5662229
14.5583341|121.0193193
10.6213569|103.5370035
32.76329111|105.8446036
30.049711|31.330387
3.094674|101.669339
24.111838|120.64093
22.8845319|120.4838473
13.66916|102.561828
10.622305|103.515853
24.8947748|121.3102729
15.534685|32.568792
13.6584851|102.5641387
13.6708285|102.5667768
21.41397|39.8296043
3.0312433|101.7790727
24.4601296|39.6132557
4.29243741|100.6262069
21.5347692|39.1987449
13.6388463|102.5762944
13.659617|102.558914
30.057345|31.358435
1.466099|103.902548
13.672315|102.565456
10.6378811|103.5152279
1.560179|103.828273
-6.851072308|-41.25890113
30.0506996|31.2671664
10.6329628|103.5083389
33.683412|130.778072
2.99672|101.571078
10.6091621|103.5170038
10.6293165|103.526204
52.2251043|16.3669074
35.5094316|139.4476319
13.638641|102.575771
21.4156084|39.8293197
3.2256058|101.6859861
13.6614318|102.5620414
3.136256|101.747624
11.0672669|106.1539282
59.2240237|17.936591
30.0453823|31.3664612
1.5669972|103.7771287
62.19253219|99.09189664
24.9531043|121.341707
1.3657833|103.8704598
24.6826032|121.7634949
30.0429963|31.2629998
24.0665375|120.5356993
3.415479|101.5925251
15.5307304|32.5691928
35.729015|139.254429
25.1507517|51.5622673
30.0408112|31.332362
35.0682689|137.1195637
1.356971|103.966185
30.055955|31.457903
10.6331421|103.5084011
24.1854346|120.7037924
3.6876876|101.5246279
25.068957|121.586163
24.6881214|46.6385528
37.6369903|127.1694801
3.8798133|100.9357111
3.0328714|101.3765062
11.5249675|104.9623365
24.4565486|39.6231767
2.9517976|101.8762359
51.9732324|5.6566382
30.0504197|31.3621176
15.5381469|32.5636108
2.974388|101.78871
22.3732504|113.9903416
14.5584838|121.0193042
33.5970337|-7.632781
2.9332345|101.6575588
3.2476499|101.7134546
25.6870705|51.4965515
14.459016|49.025779
3.0732445|101.4297016
35.409148|136.875063
25.0574296|121.2691289
3.0983849|101.7297787
14.558265|121.017653
11.0732153|106.1690802
23.995066|121.597194
3.0835|101.527153
11.5249872|104.962345
13.67415|102.565565
6.105916|100.371246
10.622813|103.516588
30.049225|31.263709
24.9166957|121.1440111
33.277856|130.314708
24.1991898|120.6122637
13.6596274|102.555308
24.5859617|46.6824717
14.5583287|121.0193437
2.3823979|103.7138936
1.3581376|103.843019
16.628251|98.56803
35.4736258|139.3479082
33.625455|131.083555
3.2330825|101.45315
35.216993|126.850692
13.6784782|102.5625671
13.677298|102.562727
13.679016|102.5626169
3.9314214|102.3762065
13.6664131|102.5607291
3.0658905|101.6397774
48.076888|19.288707
34.2166361|132.227579
3.656229232|101.9687842
21.444161|39.847306
1.7248097|103.6251949
25.0552943|121.5186072
35.9456491|139.680576
5.236104|100.469381
13.661359|102.562172
13.6732617|102.5620182
13.6797412|102.5628848
10.6303962|103.526882
13.6508052|102.5701492
10.6110421|103.516999
3.2177284|101.6466197
4.9166258|114.9117304
25.006362|121.536323
35.6683008|139.6973596
10.598852|103.556189
35.4910446|139.5957231
35.1970705|126.8087075
4.5168703|101.0575637
21.626483|39.169744
11.0773335|106.1663641
21.660604|39.1298531
25.3713644|49.614267
36.9697288|127.4827722
60.98888474|96.97554883
10.6416316|103.5369772
1.4460805|103.9351189
35.840711|139.368181
56.1468613|101.6404926
13.6664264|102.5675709
38.426785|140.3136467
36.2870167|139.3962044
3.1284599|101.6748349
25.0569794|55.2283003
4.9407748|114.9464101
10.625545|103.507426
10.6380196|103.5413415
4.1567588|117.9026837
3.081669931|101.6338725
3.0467754|101.6668455
13.68014|102.5674109
13.6596678|102.5589168
35.4737034|135.3957039
4.1622133|117.854404
13.6606593|102.5574444
1.481242594|103.762011
1.5241863|103.7529932
4.3884479|100.668759
37.4977033|126.8465175
35.986345|139.838139
43.4805379|141.951206
3.0215753|101.5654841
10.9531485|105.0787073
35.5483212|116.7695051
2.7916445|101.9909859
5.2821382|116.0035204
22.4151361|114.0214931
34.9971012|138.4813357
1.441312|103.616519
33.3299358|130.4743867
-33.103644|-68.5668023
3.8915637|100.9386455
36.9227811|127.1866465
36.1811059|140.285823
22.268496|114.234325
50.3460255|19.0080437
13.650742|102.567713
35.667625|139.695764
35.668672|139.694139
10.6220519|103.5157704
35.962934|129.369998
1.867299|102.9300352
35.526117|139.473029
34.6085601|135.4989197
22.9119844|120.195488
22.3297434|114.209853
13.6767628|102.5622199
25.409926|55.4441092
14.5583049|121.0193411
1.499623|103.783275
1.5648574|103.7744037
2.9718488|101.7893578
3.079572|101.7582581
10.6259521|103.5268164
10.598914|103.556165
10.9572912|105.0753375
10.6373501|103.5149601
22.3133467|114.1869799
35.8142352|139.7782708
4.3531059|113.9848269
3.0156138|101.4737457
10.629182|103.526033
34.7663646|138.0321797
13.72365773|100.5397304
42.7536098|140.9045298
10.6046258|103.5642861
47.5585169|18.4279008
13.6418708|102.5780661
3.05756|101.7509077
2.5523593|101.8062672
35.6677576|139.6967214
10.616066|103.52676
3.1478131|101.7451122
4.8423366|114.8724927
24.4740329|54.3717805
1.5829513|103.7283736
2.9387777|101.7500413
21.5231695|39.1691601
10.952487|105.078435
5.6001795|100.6472214
1.3521645|103.7670907
13.6671956|102.561511
18.2466107|42.5985867
30.052049|31.3408952
3.1884556|101.6519954
-8.5536918|125.5560392
-20.7534262|117.0075
1.3670108|103.8605757
4.4735584|101.3760588
13.6609467|102.5658943
14.5583516|121.0193096
30.0422485|31.2623765
14.541265|120.997067
21.3867361|39.7515231
4.7867997|101.9916994
13.6421207|102.5783928
22.2736068|114.1923461
13.6739815|102.5692302
22.2861329|113.9431689
2.8247|101.69205
35.667792|139.696594
10.621904|103.51596
2.4357071|101.862923
21.4614809|39.9338665
1.4828551|103.8923264
21.4153644|39.8310622
10.6177375|103.5212921
2.8144769|101.5044619
1.4459571|103.8252122
3.1227654|101.5892524
15.539011|32.5635794
3.0171432|101.599521
31.4543271|130.9715101
10.6263765|103.5353354
10.9573787|105.0762832
2.8234036|112.6263831
24.70288876|-78.02266177
14.433573|103.701598
35.9962258|138.1494177
10.6362599|103.5141446
3.0617427|101.4095645
25.30996469|55.5385913
34.4783761|135.3995432
22.2856553|114.1331185
24.7031434|46.6909125
23.9927086|120.6734279
21.5429085|39.1712857
30.0398346|31.2611024
24.4833347|39.5933914
30.0434995|31.3346839
3.0845677|101.4874508
38.6745346|34.7058661
3.124313|101.6523172
30.0356633|31.3569377
-7.733786727|-53.04312292
3.174698|101.735973
10.6293802|103.5265205
4.9752771|114.9462048
2.9689831|101.4631968
21.459625|39.934969
13.6772513|102.5631301
22.6351394|120.3920486
2.9166134|101.7121184
14.5351545|120.9921131
10.6197023|103.5385398
3.022337|101.672243
3.075526|101.658749
24.5693421|120.8273373
24.5850338|46.6000218
13.6667863|102.5658092
13.6779732|102.5687704
16.064333|49.018011
30.04382333|31.26371833
35.855301|139.7229899
13.6611857|102.561966
13.6396367|102.5762306
22.4902367|114.1423779
10.9572888|105.0760918
25.1188299|121.6611061
5.9465776|116.0895937
36.5878972|138.8390691
1.473218|103.5915159
34.923832|127.682059
3.0470195|101.6220166
14.5485934|120.992475
25.0395062|121.5231514
-33.8332973|151.1287809
3.3975555|101.5707686
10.6262569|103.5277337
10.9284076|105.0917281
3.0702426|101.437996
33.5162187|133.5821669
1.3873077|103.8628907
10.6046383|103.5642484
4.219087|103.4383529
32.9335845|130.1930662
13.6777679|102.5612418
26.213728|50.519703
1.459576|110.4122439
10.6237327|103.5307874
21.4726779|39.9548674
3.2100659|101.5914273
21.50325133|39.24364457
4.7455134|103.180343
10.6119379|103.5163999
13.6412644|102.577809
13.6679749|102.5668358
3.4234215|101.7906606
15.36683577|100.5059878
14.5669249|121.0279909
13.6596381|102.5588554
11.0733597|106.1692305
19.3599807|-99.1471719
21.91443618|-78.64782285
-2.6088851|140.9961383
21.5471973|39.1450798
1.4698737|103.75555
33.7265735|-118.2926756
35.62326776|139.7515613
44.682064|6.6248374
1.46994|103.755694
1.469947|103.755759
35.5856629|129.4222068
1.4697566|103.7573383
30.050488|31.362033
1.470051|103.756048
1.469907|103.755721
1.469853|103.755597
35.4671828|129.3535309
22.998927|120.222179
36.367896|139.7311942
24.4905729|54.3849499
34.771807|138.264969
10.629269|103.5262013
23.6946052|120.537145
3.0822019|101.6103104
3.0870621|101.6133337
2.957972|101.778349
2.957644|101.778423
1.3639612|103.7808767
24.996222|121.482499
35.2482572|136.6408593
14.558396|121.01076
5.9657105|116.1036287
19.1943352|72.8747528
35.0584222|134.9179388
26.7338588|99.7442837
1.5103393|110.3932526
23.9824498|121.6036071
3.1319036|101.6297596
4.7426569|114.5714942
3.1697633|101.7280847
3.1080961|101.6651332
10.6354932|103.507567
15.5385197|32.5622035
11.063972|106.172416
25.0318143|121.5571701
2.9996356|102.4077914
24.873611|121.3042166
24.4825137|39.5587421
-6.469150574|34.9798435
14.5583318|121.0193105
5.338585|100.277575
21.4077541|39.2458304
13.6683769|102.5668053
3.0422126|101.5893116
52.400139|13.0537712
3.1462677|101.7216334
35.702202|139.7000251
10.6044149|103.5642494
43.3885737|142.3935838
10.6338101|103.5064408
42.5795952|141.9197424
30.0489098|31.2645674
19.3599807|-99.1471719
31.8481274|129.9193811
3.1809356|101.6553751
34.6667185|133.9025894
36.7933193|10.1767132
1.6560937|103.5686433
13.649571|102.564824
30.0621737|31.3813294
51.31613668|12.08704456
11.0744676|106.1671521
24.1567492|120.6765331
24.6880961|46.6385347
21.6204245|39.1921071
24.4894656|54.3698072
5.3661876|100.2721443
30.043276|31.262958
19.3599807|-99.1471719
47.7893861|-122.1762307
11.5705779|104.8597796
21.5506906|39.2115698
3.07549|101.6604041
4.0752373|113.7940377
25.0285866|121.523453
36.2896902|127.5719345
14.5610798|121.0114388
23.9915654|121.5946261
11.5249904|104.9623052
24.1730916|120.6455549
2.9730162|101.7753488
36.9207458|127.1929033
35.83724|139.6255553
24.4636173|120.8640698
2.7599465|102.7690047
3.6592404|102.9915946
1.5288573|103.7012878
37.2278854|127.2195755
22.3682757|113.9932345
1.527224|103.762345
11.5279679|104.9537797
34.690858|137.676661
10.642031|103.536739
12.5616585|108.1656062
30.0422454|31.2632644
24.5609467|120.805204
1.4570854|103.9157081
13.69535475|100.7511848
3.1078324|101.5805281
40.9313051|14.5348196
53.41372739|14.67218119
40.99027094|21.37418931
4.1626601|117.8645077
53.72474108|91.59418875
26.34148747|126.8038257
54.7240693|69.0495931
1.4698212|103.7554457
38.96806049|35.43915949
13.641791|102.577916
5.020611797|101.8585045
11.074497|106.1672439
21.5211965|39.2654278
30.0471332|31.2661323
6.0878136|100.36278
24.0429323|52.754612
35.3478869|140.3769136
38.22177007|139.4801875
25.2679801|55.8817284
35.1057912|136.125123
35.615268|139.709162
30.0470531|31.2661036
21.4160913|39.8320289
3.6077548|101.9163657
1.4699627|103.7558325
1.4698399|103.7555909
30.0433837|31.2635924
30.0437771|31.2637748
15.537113|32.564447
15.5327407|32.5671454
40.81356813|-73.96232014
38.7040664|35.6163305
21.5430686|39.1615853
22.3338964|114.2074295
24.4819088|39.5547037
24.7646932|120.9392756
21.6328523|39.1417482
21.5971317|39.2003593
33.724278|73.075525
1.5234424|103.7316318
36.1436628|136.1805489
4.639204|101.155232
36.83836373|136.9839297
55.6887593|21.179511
11.0733568|106.1693068
4.7074779|115.0724987
3.1469905|113.0866411
15.5767782|32.5771557
10.6062471|104.1797485
34.4676607|135.3718674
1.3557787|103.7666048
24.4657137|39.6047277
4.87496313|100.7375114
30.0448556|31.2606829
36.897595|127.012008
1.46998|103.7559
23.6924303|120.532632
30.0416884|31.2630477
19.3599807|-99.1471719
30.0422626|31.2592387
35.793827|140.780383
15.5334421|32.566792
52.36923496|4.884125516
50.76690282|15.05562962
48.6685411|10.1596588
21.5430753|39.1615471
13.659781|102.5568084
34.8622828|137.06663
21.54323|39.16182
25.0525338|121.6070396
-2.6089543|140.9961542
21.14843|106.134878
35.616065|139.718599
21.5559492|39.7740897
-37.926434|145.1086
24.96487246|121.1913523
34.7893632|133.613695
30.0419303|31.262969
1.4698703|103.7557341
35.100529|137.194146
30.0409897|31.2625964
-31.5578814|-68.562183
25.2596396|55.318925
40.738707|-73.874749
1.470053|103.755979
30.048175|31.374788
35.8743277|128.8239234
8.135213255|39.23177892
13.6687588|100.6144937
30.0467669|31.371676
18.2275673|42.5020528
1.4699297|103.7557312
16.045258|48.980594
38.34307|23.5938678
24.986413|55.181685
36.099473|140.011674
1.316123|103.903461
3.1556036|101.6964325
22.6121372|120.5423041
24.8185379|46.7634073
56.9057416|60.8181905
30.041211|31.259459
22.3325985|114.1930493
14.5573176|121.009456
3.1807451|101.7571838
21.6715931|39.171518
34.7475096|135.4690099
40.843618|14.2687039
24.4289183|54.4285714
29.2862764|47.9642661
14.53634|49.114478
34.05668|134.130044
36.0927194|128.4268875
30.0435653|31.2635826
35.65140879|139.7399311
35.6803997|139.7690174
-8.5520278|125.5526189
21.536719|39.177138
36.282221|139.371286
14.431818|121.0183749
1.469958|103.756028
30.0417094|31.2615638
24.6808292|46.6982954
3.249534|101.706534
3.249519|101.706463
15.7337875|75.9660996
24.7881312|46.692731
2.7902986|101.5193807
21.3979344|39.8159893
1.3983901|103.8921427
1.4698724|103.7555438
30.0471609|31.3625316
22.729733|114.05797
21.4162948|39.8304162
5.4070593|100.3335234
21.416041|39.830438
24.8805031|121.2069086
5.4209611|100.3143597
15.5309885|32.569973
2.9408921|101.6128608
21.5430954|39.1615806
-8.5530463|125.5597968
1.438133|103.8396665
1.4727783|103.7534531
3.0740518|101.7161091
21.557235|39.2273577
3.165339928|101.7325806
10.6331731|103.5083975
15.5449782|32.5682938
30.041213|31.262573
24.6883059|46.6390386
2.9461024|101.3340649
6.1312763|100.3847572
36.1673834|139.3175436
13.8310528|100.6929132
24.0820417|52.6563047
35.647591|128.436629
1.4698737|103.7555684
24.088083|38.0551771
36.1196999|128.3656055
30.0431328|31.2629422
15.5363059|32.5650247
24.1442072|120.7309181
6.1303337|100.385957
30.042903|31.326894
15.526664|32.5728006
1.3034181|103.7285445
39.9054237|32.8817588
15.5232614|32.5755932
1.6564596|103.5929922
30.0432249|31.2640575
21.4052844|39.8678627
21.4150225|39.8297267
28.90909346|64.05523943
21.562471|39.224828
22.3231554|114.2203919
52.4785899|13.3256093
30.0650368|31.379185
3.2090785|101.7520641
25.266703|51.544826
15.5381491|32.5674989
36.756336|137.113551
21.6129551|39.1597214
30.0450682|31.3709303
30.0433655|31.2628646
24.071264|52.647976
6.1215343|102.2635222
24.6885337|46.641951
41.0744561|28.7519347
30.0446746|31.2618856
15.5308999|32.5685592
3.0835542|101.6894486
19.3599807|-99.1471719
24.434505|54.431999
11.0766931|106.1663107
24.0636304|120.444673
3.175567|101.551706
1.4971523|103.7415396
3.137349|101.3340382
21.5430887|39.1615886
25.066008|55.192077
23.695|120.53794
1.5217698|103.7714011
52.4294542|16.8933902
34.7855232|137.3655062
15.532914|32.560706
15.5367924|32.5648547
24.4458725|39.4995679
28.5773707|77.2256062
21.5491689|39.1460758
24.081707|52.656623
15.52616|32.5621969
3.1339658|101.7565768
30.0476626|31.2654184
15.5378276|32.5674989
3.0530154|101.7466949
2.748721|101.9703919
1.6111169|103.6609653
-41.25935|174.947052
3.2127068|101.4789649
22.3186167|114.1748773
21.5420949|39.232842
26.4019347|43.9307974
24.4849484|39.60779
21.478438|39.218249
10.772373|106.722546
24.4847232|39.6079011
21.5430952|39.1615715
25.859405|51.555521
24.6419826|46.7365163
3.235294|101.678662
21.4377362|39.8350059
44.7601066|18.1857605
25.0610615|121.3691593
22.4292926|114.2500088
1.544069|103.628466
21.4462758|39.7996709
30.0451343|31.3607876
32.52741645|-9.109262034
21.4191787|39.8272385
-23.8341527|-46.8189787
2.9392783|101.6710773
1.557521|103.738144
24.472|39.613002
4.1573451|117.9024521
24.9707543|121.1944752
1.323029|103.9370656
21.542987|39.161739
30.0396763|31.2618789
21.6291074|39.1660992
19.0371428|99.8273069
15.5257576|32.5724471
30.0523898|31.3411011
21.477624|39.792994
15.530548|32.566792
30.0485942|31.2673162
5.3001503|103.1446604
-2.609727|140.9909765
24.472533|39.611459
30.0507328|31.2671951
25.02642|121.534876
21.4284259|39.8557146
30.0439977|31.262755
24.4764249|39.5847297
21.543003|39.161725
26.4088922|50.179741
26.2142761|50.602117
30.0473596|31.370588
30.0442065|31.2624432
21.3842202|39.8655888
13.6796734|102.5627426
30.0470755|31.2653826
35.269888|129.08565
15.5378276|32.5674989
13.672407|102.562117
34.1204843|133.7377339
56.468234|84.952087
25.2772969|55.3501459
-33.7447325|150.9933841
13.662472|102.552087
13.6674096|102.5610934
41.0803384|28.9973439
35.9612225|139.9544022
2.2514742|102.2773064
21.4970983|39.7957178
15.536723|32.565418
23.4373799|120.4251395
26.8343534|75.8248758
19.3599807|-99.1471719
13.668916|102.561563
14.55088318|121.0170395
4.4594886|114.0388616
25.745025|55.913711
11.0745143|106.1671887
14.5622003|121.0157104
36.6074377|140.6467134
3.152538|101.775176
33.4659321|130.5630745
13.67472|102.562548
35.116479|136.724062
13.6823645|102.5630945
22.3946858|114.1971149
13.6778666|102.5688957
3.1616988|102.9761186
10.6141326|103.5449566
15.540863|32.566131
34.4529952|135.4189503
24.2537056|54.7213211
25.2468136|55.4437084
3.1466324|101.7546536
30.0488094|31.2647289
36.235598|140.358887
3.1544856|101.602218
35.2912721|137.0151841
19.3599807|-99.1471719
13.671015|102.563716
3.28063|113.1201263
3.1220144|101.6764105
24.9680853|121.2164638
22.9185767|120.4653014
13.666187|102.560454
1.366385|103.942443
4.1600214|117.7898025
1.2357148|110.4977175
4.5035638|101.4099138
4.5856342|114.2054814
11.6153903|105.7854273
35.0192749|135.7854895
34.877936|136.993805
3.0078666|101.3903626
33.5217889|-82.1223669
30.0417269|31.26304
3.358205|101.629231
11.076459|106.168815
40.2677968|141.3115888
10.6413748|103.5354405
23.3071407|120.2983497
13.668531|102.560364
10.6046806|103.5642048
3.188897|101.650296
13.7527963|100.5364672
24.7551937|46.7091292
13.640486|102.577071
-33.840992|147.742483
40.273283|141.300079
14.5630235|121.0207644
13.678202|102.561355
33.7272144|130.4666925
10.6379055|103.5152492
14.5651316|121.0056808
33.4117432|126.2594475
13.6390184|102.5761391
30.0440727|31.3565523
13.6596308|102.5589874
37.328422|126.789603
3.2009039|101.7019399
14.5418646|121.0171813
4.6881723|101.0770101
25.1999833|42.6952365
21.5857659|39.1526482
33.4019556|130.6631353
14.539036|121.002889
53.812556|-1.551954
30.044977|31.3768249
10.6398418|103.5338773
1.4699197|103.7554589
2.623751|101.6941982
21.4976985|39.7953861
35.2898265|135.1493505
5.3068688|100.4443378
51.93391|4.049447
13.672571|102.565124
14.558351|121.019303
16.0553804|48.9972609
5.0194182|115.0600041
14.5671292|121.0283563
1.482497|103.7640326
36.7690579|137.0847527
35.864288|139.948687
3.1949384|101.726764
24.462593|39.6581155
30.050703|31.267088
13.679708|102.562809
35.1211392|126.7778639
4.9692783|114.9533555
35.1372449|138.8668826
40.745003|30.341724
33.2286063|130.5681221
35.6683008|139.6973596
40.766033|30.351627
13.681211|102.5833572
22.413656|113.975662
37.3302186|126.7899357
36.918163|127.005426
2.008643|102.578232
15.5364478|32.5685351
13.6537655|102.5610377
13.6679066|102.57294
35.736349|139.711401
24.13711159|120.4544022
10.9547877|105.0794792
30.047177|31.26654
22.7773697|39.0350163
35.5125266|139.653004
10.6327841|103.5083535
21.3909873|39.7977122
10.6328136|103.5195727
13.6655862|102.5693278
22.6913211|120.4305302
11.066022|106.162825
25.2725867|51.5388325
22.3794298|114.1045844
49.2529513|-124.8010963
13.6811631|102.5833818
1.6702648|103.5626721
1.38008|103.753908
30.0433055|31.2641152
24.399004|54.7073989
24.1697729|120.6928837
2.938423|101.6713025
10.9530883|105.0786392
1.3633434|103.9420273
13.671418|102.563382
10.6272649|103.5082082
11.0662465|106.1618597
3.1458439|103.1154731
11.0733741|106.1691974
30.0420384|31.2622599
2.9341029|101.3383193
13.6774779|102.562841
24.4931966|54.3683088
22.650006|120.39467
10.9563768|105.079253
3.2087252|101.5740126
13.6388311|102.5759877
2.9811049|101.4024219
10.9406689|105.0763587
11.066355|106.161615
3.050018|113.9299049
15.5238588|32.5742143
22.7797884|121.1225007
25.0207482|121.4715328
24.6803428|46.633434
2.8486217|112.7904259
22.341319|114.2108119
10.954224|105.1037864
3.04125|101.623476
1.4100921|103.6091507
11.6390068|78.129075
3.0580064|101.5909178
14.5583335|121.0192411
36.330878|139.132489
24.9697727|121.2284188
15.6050159|-87.9460738
11.0661012|106.1619207
3.1629269|101.7197969
11.074928|106.167108
3.0943301|101.5837919
24.2526238|120.6588016
3.0276462|101.5146828
13.641819|102.578049
13.641954|102.578034
13.641949|102.578036
10.641665|103.536686
19.3599807|-99.1471719
35.760337|139.599363
23.5923449|58.4211624
30.041124|31.260123
13.677475|102.561245
3.1342245|101.7229242
25.0124142|121.454053
33.918416|132.126729
30.0449537|31.3769711
2.6666083|101.8365439
39.4745865|-0.352759
13.642045|102.576659
3.2569668|101.5516513
11.074797|106.167051
25.041858|121.5530986
55.869349|-4.247496
30.0436702|31.2609894
1.5275459|109.8176061
13.6622908|102.5584167
3.8959409|103.1453811
11.0745574|106.1671342
36.1321768|128.4532764
24.0887447|120.5332727
13.6710305|102.5636908
10.623696|103.516898
30.0404179|31.2606175
2.0830998|103.1381737
35.5941889|139.6023145
30.0483833|31.266196
3.0989172|101.4047067
21.2732505|40.4387801
3.0025063|101.3988654
3.265315|101.726757
3.7954864|103.2666517
30.0437049|31.2632994
39.4431046|-0.3302811
10.6379088|103.5152204
30.255525|120.064324
30.04625558|31.26483557
35.667842|139.6972401
36.9617343|139.5874319
14.5583296|121.0193542
21.5629684|39.22702
24.9656372|121.5396172
14.56079362|121.0199144
21.424879|39.819637
3.1431301|101.7393928
1.2923978|103.7867425
2.8272091|101.7645284
22.289454|114.197186
55.654309|37.499366
10.6371216|103.5149791
24.5990314|46.7491461
30.0413637|31.2631388
35.406232|139.468289
30.0430332|31.262985
5.3111629|103.1518681
35.667851|139.694648
3.0903543|101.6173522
1.3735704|104.2325088
22.63302|120.34132
1.313114|103.8931933
23.8717488|120.5273124
25.19538|121.4594188
31.9098638|130.452302
3.2514828|101.7312233
13.6667715|102.5711925
13.666339|102.567586
3.1472327|101.7096978
13.6626514|102.5695784
36.1979866|139.4510642
10.6165276|103.5250886
25.00666|121.130644
1.2730721|110.4681038
41.031321|28.979701
35.5612202|45.4824069
34.8091316|135.6527626
35.3035438|135.2330114
13.6890897|102.5773463
14.5583401|121.0192936
30.049537|31.268218
14.5583207|121.0193684
10.634534|103.510551
25.0252656|121.2560109
34.0618068|134.3254043
1.320828|103.866557
25.0046425|121.5154025
36.236358|139.286302
22.418188|113.984206
11.072452|106.1608081
24.1601219|120.6581597
41.008244|28.92771
10.6045674|103.5642395
2.9949339|101.4454491
1.3554742|103.82967
10.6292992|103.5258571
14.5636434|121.005912
36.4919773|139.8545666
25.0328727|121.3017968
3.0400982|101.7522074
10.6342852|103.5105128
3.8254131|113.594366
10.95341|105.0792088
13.6793255|102.561482
2.64894|101.9970503
34.375259|132.365487
11.0743605|106.1608791
36.3061058|139.8328141
25.0411787|121.5384526
30.0425297|31.3372697
1.2842802|103.787758
24.5824048|46.7700587
30.0426965|31.2607487
22.274147|114.23199
43.6415129|144.4404125
3.1366224|101.7794278
31.2728275|30.007834
23.914203|120.3818713
1.3109855|103.9068978
2.7035919|102.7000469
27.8383131|41.7188013
36.7707535|127.1946806
19.3599807|-99.1471719
11.0791496|106.169551
3.1604916|101.7155972
13.6591921|102.5583271
10.617111|103.521703
3.1912459|101.626578
24.4939801|39.6964228
29.6257056|43.5496717
21.4805683|39.7873059
24.1649098|120.63896
13.671022|102.560866
5.2366433|100.4693385
26.2287389|127.6788243
-33.875136|151.206025
10.6331413|103.5083846
13.6792703|102.5631618
30.048379|31.267477
6.208838|102.109796
2.924015|101.815768
26.0907214|43.9594029
13.658705|102.55259
3.0118101|101.4032138
3.0706023|101.707322
22.5463|114.089816
3.183445|101.650094
13.667407|102.5610993
1.3606796|103.5879842
10.634423|103.529309
3.110146|101.4494588
25.0496973|121.3003221
4.8949354|100.7297335
10.610531|103.5171228
6.869882|101.23514
3.2033933|101.4776081
26.2954282|50.1873663
30.0463575|31.3574248
30.0432804|31.2641757
10.963963|105.062446
30.040969|31.26074
30.0558806|31.3400045
21.567625|39.160329
30.052791|31.397116
30.0427797|31.2612334
21.4370562|39.8259897
21.3860066|39.7827707
1.5253239|103.775074
43.7502434|142.4088624
30.0429796|31.2631796
8.1134342|100.0953556
10.9561676|105.0760643
36.710791|137.252717
13.6428489|102.5780341
30.044389|31.3341247
25.026491|121.547958
3.22026|101.573184
1.5414846|103.8193767
13.6417996|102.5780898
2.9898169|101.6744757
30.0469762|31.3729361
34.6768184|137.8799604
14.4899926|49.0441327
13.667746|102.562988
13.670127|102.565686
3.194576|101.7379434
30.043033|31.263093
16.051034|48.9814585
14.5582815|121.0194292
34.672474|137.820388
2.9523584|101.6914742
39.476395|29.893308
13.7167996|100.4821491
30.040921|31.2607601
21.4141189|39.8278612
10.6043722|103.5645438
35.8108206|139.1147791
13.6723998|102.5655448
32.5396813|35.8501461
14.5582996|121.0193439
2.9600557|101.7516342
35.391287|139.393824
36.247273|139.080615
3.229701|101.5681747
6.4315741|101.8191216
36.4361481|139.9760387
21.428166|39.801144
2.997031|101.806568
10.641473|103.536836
25.712768|51.5412194
30.043004|31.263067
25.0079296|121.2866661
30.0520555|31.3726176
14.5373766|49.11756
3.2015467|101.4854345
24.7440983|46.7231819
25.0765739|121.6439369
10.6243534|103.53574
30.0449087|31.3586159
34.671058|133.728991
10.6295391|103.5258947
13.63861|102.575481
10.6272295|103.5080918
30.05214|31.341055
3.128754|101.5377789
2.966118|101.519228
30.0478306|31.2665271
1.384547|103.896782
13.6429589|102.5758821
11.067013|106.1540026
35.986347|139.83828
1.630241|103.690253
13.6672993|102.5662635
2.8103014|101.6556934
30.041625|31.2617919
10.625366|103.5073977
40.3498421|27.9709986
14.5614254|121.0191003
37.083839|126.856498
30.046963|31.26721
34.565658|135.625093
30.0449723|31.3768351
25.1164915|121.5264003
3.0231975|101.4064045
25.0352166|121.6134788
33.42059479|134.0171517
13.6811895|102.5833578
3.110069|101.586639
14.5582794|121.0194476
3.0579545|101.7468678
13.6610282|102.5558206
30.0447424|31.2618099
30.0474298|31.2667434
3.168406|101.697226
13.6724345|102.5655947
35.2217797|136.6049263
3.0101232|101.4711584
5.329847|100.284562
5.9335879|102.2439008
36.0507845|140.0810081
13.6537611|102.5611354
1.3137228|103.8728571
4.8421643|100.9010745
25.1297412|121.740767
25.1064239|121.8100722
25.0635556|55.2078295
30.0408319|31.2607046
34.781505|133.593507
14.5632616|121.0203403
14.5583456|121.0193014
-3.7728836|-39.2934921
2.4605433|101.885073
34.7652779|135.029006
30.0471748|31.26652
10.953137|105.078904
35.464229|136.739317
1.457021|103.9142177
6.12986|100.38632
22.3665848|114.1110759
22.368762|114.120867
-33.909993|151.221059
13.67567568|102.5654307
13.6740126|102.569193
10.6091454|103.5489333
10.6118926|103.5398102
30.0084892|31.3003762
13.6723719|102.5604391
30.0477404|31.2652151
13.666477|102.560771
10.6221341|103.5156818
30.043047|31.2622475
2.8232735|101.7041607
30.0435503|31.2637405
10.630814|103.512706
10.640629|103.536867
5.361786|100.27476
21.4159393|39.8306202
10.6326223|103.508192
2.9928309|101.4163232
37.552803|139.9354686
11.073368|106.1693022
13.6595134|102.5589689
25.1329118|121.5565697
22.7960066|120.3766852
13.659667|102.558888
3.0780838|101.6556661
14.567246|121.027905
13.652701|102.567607
34.0720877|132.9441838
33.643413|130.473031
24.163056|120.6899738
11.0713756|106.1626023
3.1334097|101.7171057
51.4484264|-0.9403239
30.0472317|31.3785338
21.4162451|39.8303853
10.6304536|103.5268689
6.630242072|124.196369
4.6736792|-74.0816081
3.446362026|102.4134658
45.5223431|-73.7045486
3.0042947|101.484625
33.722745|134.538582
62.19253219|99.09189664
18.2146537|42.4925368
3.10566|101.677363
34.371107|135.255245
1.4012925|103.893191
24.0785299|52.6639608
2.3470258|102.8703594
16.0510226|48.9814451
1.5531451|103.7551693
5.9528509|116.6609833
22.9199752|120.5780942
14.5483771|120.9922432
30.0439825|31.2617079
37.3662524|-122.0480269
51.5549893|0.12299
19.3599807|-99.1471719
24.99972|121.318912
24.1707375|120.5946382
19.3599807|-99.1471719
13.666201|102.561226
19.3599807|-99.1471719
30.0568482|31.2751463
10.6327568|103.5196204
51.0320503|13.7488088
23.839024|120.415729
37.3014615|126.7644235
3.1651144|101.5362533
11.065472|106.150027
24.6970306|46.6402426
5.343438|100.426162
-8.5579776|125.5838036
13.6672945|102.5656976
10.9648962|105.0600406
40.995443|28.789704
41.6318553|2.3596852
3.0119801|101.6044253
10.960412|105.071618
13.6614078|102.5577272
10.6043459|103.5649975
25.006909|55.156109
2.9957857|101.6695011
13.6616769|102.5581785
3.2603617|101.3077446
59.3808755|28.617488
35.2482808|136.6407301
14.432994|103.701195
10.9640526|105.0623503
10.9601497|105.0720595
1.5501807|103.8087057
11.5314049|104.9294392
1.6750544|103.5539948
3.2482883|101.6517011
3.2072273|101.7544457
2.4546788|102.0309532
13.6661172|102.5672744
36.2331581|140.3616953
34.6357011|135.4253595
35.1049078|137.1022737
1.2876681|103.8275166
1.9458335|103.471014
10.6379054|103.5151609
13.6653712|102.5695433
22.3380085|114.2083007
3.8118968|103.3224465
14.4334015|103.701747
4.4275232|101.9683773
24.4969792|54.377756
11.068375|106.148668
15.5366946|32.5638025
30.0488039|31.264576
1.5625287|103.797124
25.1162236|121.5183282
3.0464405|101.5905707
5.3225307|100.2737713
30.0438179|31.263052
25.221559|55.440735
36.239499|139.169106
4.58406|114.1904953
10.612475|103.5349253
13.6626772|102.5532667
21.4156283|39.8220844
10.9530995|105.0786826
3.1668965|101.7033534
1.3170143|103.8350756
13.6554372|102.5741969
3.050051|101.4464975
1.2976062|103.7587867
14.5633578|121.0142835
25.1541212|55.2904387
10.962469|105.060723
3.7419164|113.635529
13.689095|102.577355
14.5346487|120.9889522
15.5360178|32.5651438
11.07445421|106.1636657
13.6698774|102.5668833
23.007215|120.2467958
3.3849104|101.7767905
10.61261261|103.5551114
-37.6781979|144.435388
25.0066827|121.2999956
36.042339|136.012736
13.6754744|102.5688359
14.469905|49.036888
5.3713|100.300711
13.6599564|102.5638426
22.3804595|114.2168638
26.101385|43.9956576
10.6217387|103.51984
14.5624531|121.0147967
15.5386392|32.562919
21.4626367|39.3185161
13.6604972|102.5584739
2.9855896|101.8117471
30.0539049|31.3974437
10.9432031|105.0772544
1.3056687|103.8364196
22.376608|113.988969
13.6889708|102.5775764
11.0762868|106.1667317
1.3257714|103.9227462
10.9606691|105.0707999
3.4122703|102.0388057
3.2527579|101.6502666
13.6810942|102.5833605
24.8341337|46.7494175
13.6588742|102.5573844
3.0732691|101.532348
24.6873993|120.9198189
10.9596906|105.0743165
3.0793269|101.6177139
33.6914321|130.7123185
10.604471|103.563633
3.065451|101.481128
-35.1398542|139.2831039
35.313089|128.75515
10.6243017|103.5186526
1.5065299|110.3467065
3.1768207|101.5479503
10.6217508|103.51989
10.6058252|103.5437896
11.0725519|106.1608282
24.7379604|121.0908204
23.7929569|90.3606312
32.8452443|132.6716982
10.6412654|103.5371806
1.5042794|110.2972446
15.5350604|32.5664608
10.6157364|103.5160384
35.86482583|14.49292682
10.604382|103.563335
2.971576|101.622878
10.6291887|103.5261724
35.126493|126.756801
24.9535475|121.2250875
13.672674|102.5632283
3.1033995|101.7450078
10.6068914|103.5467945
10.963655|105.065569
10.6153923|103.5756667
35.6504448|140.1129738
21.4214504|39.8351882
10.617021|103.520529
19.3599807|-99.1471719
3.109595|101.637171
35.6678|139.696661
-10.48769794|105.6506794
1.6275553|103.6530086
3.0835974|101.5272107
10.9406077|105.0765084
3.0680096|101.6394208
1.3252772|103.922461
15.540959|32.5738609
22.3884976|114.1950247
13.6592298|102.5584306
37.735499|126.6989017
35.9391378|139.3025895
1.598141|103.851153
3.0200377|101.5384565
3.1066434|101.6832335
10.6378954|103.5150084
3.7337915|113.7764841
10.629499|103.526319
25.1569019|55.3865064
35.3773336|128.7104383
14.56364|121.02255
24.6956668|46.771279
36.239454|139.169191
1.3531474|103.8402779
1.4279988|103.7759185
11.0682329|106.1486687
14.577704|121.040686
13.6793559|102.5614489
4.2583022|103.4647246
10.632121|103.5279277
24.5480736|54.6296012
-24.2431133|132.1348965
25.2903|51.497526
13.6811658|102.5833419
31.935404|120.680262
22.9741012|120.2020096
-8.5537492|125.5483134
36.0729017|139.7272283
2.944844|101.722024
35.6683008|139.6973596
10.95329693|105.0789076
14.5578383|121.0011063
14.557321|121.009098
10.6046783|103.5642054
3.1031317|101.6653764
34.1392784|131.5082226
35.425466|139.560258
3.0397144|101.6191547
2.9438243|101.7642723
10.94251|106.7286912
13.6720269|102.5600458
2.3024051|111.8738694
13.667494|102.560949
35.0803454|136.0381349
3.3553671|102.4360878
13.667187|102.561439
13.6595739|102.5636978
11.0660665|106.1618835
2.9743027|101.4592038
51.3466522|12.4000709
1.5011033|103.5171288
1.3722488|103.7738804
5.4870314|102.302436
3.1725758|101.6053078
35.667983|139.69734
1.3209371|103.7551397
10.6045115|103.5635985
10.957442|105.073903
41.0070177|28.5415609
3.2219002|101.5804095
10.6282276|103.5214127
41.604481|127.533954
37.5198788|126.7047331
24.331917|120.729763
3.7505118|103.2416402
13.6611125|102.5654479
1.5711872|110.3400041
35.6680072|139.697255
10.9566184|105.0745928
24.4562443|39.607725
1.4693402|103.622439
13.6811685|102.5833507
1.4788811|103.7659439
1.4665152|103.7364431
2.9372728|101.5027939
25.3621586|55.4600935
25.089968|121.2528301
25.046304|121.5557587
59.5711874|30.1269505
10.629497|103.526191
31.7404205|131.0882212
21.4192558|39.8337408
24.799695|120.943343
1.4856121|103.8522414
24.073786|52.6512083
1.5207831|103.7381169
4.3518347|100.6641819
13.671495|102.5721503
36.2474191|139.0804317
2.9979074|101.4417878
22.280638|114.1877339
13.667393|102.5611053
11.07445164|106.1638637
1.5746038|110.4237882
30.0457933|31.3677033
4.0410495|101.1706842
3.2673319|113.0996741
40.65690639|46.39561285
13.6707877|102.5677393
53.9475034|11.2273515
1.470006|103.7558152
25.275654|55.371595
19.3599807|-99.1471719
25.012002|121.541468
30.0157791|31.4323449
14.3335755|103.1787445
21.43478|39.814183
1.470007|103.755517
25.266925|55.315204
-19.845014|-44.0359029
3.2450005|101.6546703
1.4699164|103.7557464
26.3380162|50.1622059
21.5471756|39.1450809
1.469867|103.7555003
19.3599807|-99.1471719
1.470966|103.7570022
1.473835|103.755995
30.050123|31.2662065
2.825167167|101.7774371
1.4699293|103.7557794
15.5354881|32.5642049
1.4700064|103.7558384
24.2602971|120.6890771
13.6570142|102.5651507
49.49358242|-121.8369498
1.469933|103.755769
24.4589752|39.5911971
35.1458031|136.9048221
2.81631|101.8736
1.6744335|103.5178631
3.1478283|101.7451134
3.0773843|101.5222712
24.6819615|46.6252929
3.2477806|101.4724335
25.2325639|55.2959871
34.794675|136.551899
24.2966388|120.5886368
21.694679|39.11485
4.448335|101.3982554
21.4882923|39.304479
26.356529|127.807978
21.4334902|39.8608635
19.3599807|-99.1471719
1.5198906|110.2496733
30.0847393|31.2746644
1.3128103|103.8859885
22.2798146|114.1858051
1.545743|103.652733
1.3596546|103.8464815
11.566489|104.930307
24.9977863|121.3170921
2.1053412|102.8142444
19.3599807|-99.1471719
13.6537799|102.5611224
3.0440028|101.6032755
26.0851219|43.9400574
13.6688937|102.5634809
11.0744283|106.1672013
3.4303016|102.7815795
11.0733761|106.1691833
13.638616|102.575737
36.4458018|139.9654008
25.1041721|121.4477421
40.997213|-81.422844
2.9807864|101.6511571
3.2916529|101.638365
3.4906753|113.7836197
3.013425|101.455417
3.6860342|103.1175651
37.493701|130.910862
31.4128163|74.2534132
14.558372|121.0192937
24.99975|121.347294
10.6295151|103.5255209
15.524001|32.573128
30.0467395|31.3718265
37.2955396|127.8050343
24.0162553|120.4010918
10.9646956|105.0608672
36.16858891|-115.1427859
13.659003|102.552572
1.4323422|103.6306642
25.894894|45.393708
13.6783766|102.5625584
3.2414488|101.703074
35.067557|137.159812
35.3986073|136.898079
35.1730529|126.8667718
1.5076695|103.6508591
24.4259823|54.431991
3.0706485|101.6035958
22.2885367|114.20268
3.4661741|101.9806396
3.0647455|101.6079996
30.049263|31.263786
55.0088337|-1.6055544
22.4804114|114.0474877
35.657466|139.873491
10.632802|103.5083598
35.7519177|139.836908
10.6175513|103.5216275
18.2113231|42.5629422
10.6378722|103.5147318
4.3506205|100.6606612
34.777643|133.581459
3.0042308|101.5620115
3.132767|101.749853
10.7758691|76.6156436
21.452131|39.589066
11.6034438|43.1403077
25.1009755|55.2456421
1.343857|103.8716596
19.3599807|-99.1471719
3.1437367|101.7457051
2.8696344|101.6753659
1.50833|110.378143
35.422806|136.917584
10.623697|103.544671
30.0457821|31.3571104
34.256164|133.766054
35.8280944|139.6118911
3.3851048|101.7744098
1.3307645|103.7856082
17.0722001|-96.72692638
2.9823956|101.5865622
13.659357|102.5584258
13.6757968|102.5611503
24.2518481|120.7226008
1.5013538|103.6457207
3.0756275|101.7628495
11.0698627|106.1535145
10.6112109|103.5052957
3.3278586|101.5323833
22.3736265|113.9617561
2.963561|101.7532475
1.6647782|103.5767123
3.9656316|103.3910418
36.377579|139.026718
3.067042|101.489943
24.4655837|118.3183147
36.5874977|137.1977679
52.2989564|4.8632649
15.533999|32.565029
25.248755|55.34669
30.3721779|75.5483952
-37.792987|144.969117
3.1834352|101.6282953
24.6862101|46.6851724
14.5600974|121.0185481
19.3599807|-99.1471719
4.9338326|114.9451921
2.0233021|112.4958392
22.7552201|121.1518874
30.0477785|31.3756472
13.679246|102.562689
35.9735853|139.4091843
24.6819593|46.625286
25.4512065|56.0052892
35.7723502|140.2993516
25.4175929|55.5072352
13.666662|102.5705022
13.6619764|102.555909
21.614072|39.145691
10.6326293|103.5082212
1.382426|103.7480767
11.076463|106.165011
23.9781727|120.7307308
25.0495866|121.1454008
10.9585057|105.0731503
10.6292759|103.5261995
21.4089292|39.79222131
1.3359603|103.9212994
1.483056|103.901685
3.1532163|101.4720719
15.5268994|32.5752746
-37.9612111|145.2647848
10.9433455|105.0764745
22.6137914|120.2934956
15.3433723|120.7312399
10.6345951|103.5105962
13.679233|102.563069
25.0485872|121.2925494
2.6332794|102.4873258
22.8952832|120.2242557
1.3244629|103.887693
10.632488|103.5288079
20.343414|100.095519
13.6659903|102.5694086
-23.5446243|-46.6616323
26.998431|119.773875
30.0412404|31.2603429
4.9650691|114.9745718
4.843616|114.844228
3.1443116|101.7311252
19.3599807|-99.1471719
30.0443597|31.3282096
25.2134378|55.28094
30.046804|31.3705065
25.1170252|55.3901016
19.3599807|-99.1471719
1.469855|103.755786
2.9503868|101.6269961
21.0881141|72.6319329
3.205572|101.702069
1.47004|103.7558996
10.615845|103.525813
1.470063|103.75602
15.536258|32.566441
1.470043|103.756016
13.6753149|102.5591329
1.4698766|103.7556911
3.2450896|101.6555055
21.413384|39.823124
21.5475089|39.1451766
34.6623811|138.0804797
3.1443329|101.7055876
36.242887|139.859101
3.1342778|101.4390708
4.6239795|101.1228139
13.667155|102.561784
2.9631596|101.5819053
10.6200539|103.5302325
14.5583381|121.0193418
35.7000853|140.0314392
34.8179326|135.4129192
1.497794966|103.7419473
3.167526|101.694656
3.1449302|101.7482158
11.0684468|106.1766474
34.9702347|135.8067441
14.5486947|120.9926767
24.1514877|120.6766579
13.6784675|102.561593
35.562746|139.693478
25.2000643|121.4503794
2.6736098|101.9909046
2.9222071|101.758933
24.9386373|121.3733912
3.2370176|101.7116332
3.1596135|101.5715535
10.617524|103.522321
10.6292539|103.526196
31.279099|121.68292
1.5733821|110.2705209
21.5681121|39.1598495
14.5583567|121.0193135
13.675131|102.5592658
35.4810604|136.880387
14.5347962|120.9885795
13.681175|102.583374
14.5585345|121.0192551
10.6097764|103.5172104
34.937256|136.624428
-10.8994511|-37.0888806
35.804201|140.673128
13.6776716|102.5620441
10.6293211|103.5259909
35.0121504|136.9752836
2.3303525|102.0795049
35.5136048|139.4629665
10.6342642|103.5104865
26.543142|50.0092309
-29.462239|149.837541
33.988363|131.961597
4.9544402|100.8072333
37.8138165|127.1525712
24.4416171|118.4095714
34.8410243|135.6260989
5.282736432|115.2496696
13.670888|102.560258
22.2822786|114.1430927
11.074521|106.1672425
35.6778362|139.6693423
30.0398767|31.2620268
10.6294304|103.5256041
5.8334088|118.0969241
22.6332872|120.3412665
3.146985|101.764191
10.6270456|103.5345177
13.66486232|102.5691409
1.391668|103.633479
10.6300057|103.5105119
3.0607983|101.6765406
2.9663075|101.7209159
30.0533016|31.3977662
1.6870587|110.0146313
3.2574249|101.5207208
13.6673246|102.5662216
13.6792386|102.5619999
30.0459062|31.3730753
14.5603827|121.0207878
2.168557697|111.6400312
24.986954|121.5624517
22.157306|113.547295
10.612227|103.530606
21.4977423|39.1766632
13.6690943|102.5624072
35.667614|139.695753
14.5601932|121.0130506
24.427143|54.431013
10.6328985|103.5083657
35.9043629|138.2292639
36.34641|136.432949
13.659274|102.552786
3.001386|101.504814
1.4890352|103.8489386
35.3954327|136.7292215
22.3301222|114.1502331
14.5520979|121.0248421
3.111555|101.441433
10.6373511|103.5150014
20.4630349|99.9173978
2.2061672|102.2690539
3.0644122|101.7054924
13.6789143|102.561323
4.197077165|101.2637128
11.5250153|104.9623498
5.3979984|100.2148411
34.9319618|135.7429629
24.6320791|46.6125368
1.324708|103.9350445
3.826824|103.339931
5.23367344|102.2013536
35.6675012|139.6960832
13.6661862|102.568617
14.5636241|121.0229381
21.4433044|39.7902183
3.1238445|101.7103433
3.1693148|101.7345681
34.6602421|135.5492319
13.667063|102.566149
5.4502713|100.3869447
2.9369245|101.8287717
13.6669016|102.5609828
10.6208778|103.5343889
24.1059894|120.6205013
30.0508966|31.2670209
1.3782435|103.5944938
13.678386|102.572168
19.3599807|-99.1471719
21.321959|57.0985875
26.5431439|50.0092384
10.6046295|103.56427
10.6328549|103.5290241
2.5965417|101.7749928
22.6218729|120.3266029
3.1559324|101.7095617
3.1915675|101.7361955
22.4468545|114.0235755
6.218829057|102.1689109
1.5770273|110.3258546
10.635225|103.5103895
50.6946948|-3.4897973
3.006473|101.5718804
3.1242257|101.7084122
4.811215|114.6540616
13.6811703|102.583333
2.2336966|102.2616346
3.1544568|101.5930014
13.666292|102.565575
13.6626131|102.5576226
13.6639672|102.561544
52.0747189|4.3285802
3.1944749|101.7093497
10.6327774|103.5083865
30.0476926|31.3824545
3.0067308|101.5689906
25.0633283|121.6299557
4.9421717|114.9697682
24.395581|120.8655052
13.6793162|102.5614306
25.0026785|51.5382459
1.4821278|103.7620361
13.6637529|102.5664335
5.4327808|100.6400955
30.0572473|31.3584203
1.8120716|102.9722889
13.6713889|102.573094
26.12494|50.538837
4.559327|114.0534464
1.4553454|103.9061457
10.6378287|103.5153022
2.9220109|101.8212909
24.2355592|120.5155399
21.42251025|39.82618221
13.6673042|102.5662602
4.620248|101.116699
13.653646|102.561201
1.5649415|103.5981143
34.6945883|135.4408323
13.6811761|102.5833581
1.7041625|103.4524412
13.670382|102.566094
13.671173|102.5629832
52.079416|4.337494
22.6482436|120.3341921
22.382673|114.2669206
3.065219|101.455737
1.5074578|110.3434121
1.4960955|103.8203327
1.5118016|103.7018085
24.7498513|46.7028584
13.6684399|102.5628948
36.6750296|139.907001
1.31998|103.8570062
25.287817|55.36341
5.3369044|100.2905265
13.6811704|102.5833585
1.628148|103.6310259
13.679334|102.562106
30.0476213|31.3759683
5.375057|100.4015307
26.041763|119.202255
4.8892927|114.9168687
13.6586133|102.5668345
1.3513996|103.9536107
22.309615|114.238642
2.918285|101.65182
3.322942|101.270495
1.3543551|111.1690061
34.307615|133.995322
1.2951342|103.8314631
24.4717766|39.6071248
14.5617634|121.0157702
10.6304868|103.5210168
30.047725|31.2655945
1.5488582|110.3733276
10.641827|103.5363253
10.6244148|103.5170677
4.1868556|100.6699192
1.370249|103.87915
35.66772|139.696562
15.5330383|32.5700494
22.9466227|54.08018
10.3120014|123.9033675
64.7764394|-18.93600679
35.3826693|139.4517041
19.3599807|-99.1471719
1.469995|103.755355
37.55954|127.050205
3.003944344|101.6045891
-35.32544892|-65.03635043
13.62503207|123.1979418
1.4765799|103.7601524
1.469958|103.756182
35.71903939|139.7549731
33.6708029|134.4131712
21.38790032|39.85791813
24.463303|39.568607
13.728443|100.528743
14.5600703|121.0183692
1.471193|103.756591
52.1438553|-0.507125
26.9545635|49.649291
21.5471852|39.1450755
51.252381|58.4370172
10.6149245|103.5274844
21.4146274|39.8312891
21.5475114|39.1451712
56.9057367|60.8181727
2.9444065|101.7977965
24.7402705|46.6902323
1.431965|103.794941
35.7057513|139.6139467
1.4700576|103.7558278
24.4926619|54.3676585
10.41174004|24.25287702
23.709045|120.539953
14.5629623|121.0101339
24.494891|54.383354
1.2789753|103.8503311
1.4698357|103.7555375
25.15934|51.6049276
22.9983536|120.2114161
35.3102482|139.6231591
21.408745|39.2458714
30.0452993|31.3609676
1.4589634|110.3288334
24.4724178|54.3454594
4.8902022|114.8983373
24.434515|54.431923
13.75799942|100.5028021
3.1028229|101.7196446
10.641676|103.537109
15.5233867|32.5600151
25.211679|55.416614
1.4700269|103.7558628
19.3599807|-99.1471719
30.053997|31.3754722
19.3599807|-99.1471719
30.04457|31.261908
5.3909737|100.4049222
21.587586|39.150492
21.5440456|39.1843551
1.275242|103.800838
35.6641878|139.7274486
15.534768|32.571827
15.34445916|106.7119278
24.9652427|121.1942631
1.469907|103.755684
31.9613396|131.3019012
21.4337221|39.8294541
24.4828851|39.5557309
52.4359421|-1.9191781
19.3599807|-99.1471719
-36.899007|174.705825
40.3668432|-4.3180841
24.94036745|55.22164231
21.3524367|39.6116438
35.7117771|139.6628997
1.5055786|103.9008053
24.473383|54.349579
23.70907|120.5399603
15.5355249|32.5641762
15.5389876|32.5629186
24.0725137|52.6484295
2.985867|101.660951
1.4698604|103.7554707
30.0436541|31.2626678
30.0436475|31.2626864
43.7644|142.375014
21.4198593|39.8301177
1.457659|103.9990729
2.312142|102.318534
1.6572392|103.5735866
22.59159688|120.3331936
1.4698921|103.7556687
30.0451561|31.3610993
21.384997|39.825446
19.3599807|-99.1471719
25.258732|55.327835
2.991701|101.674794
30.045353|31.366479
1.3155887|103.8974169
-22.90801276|-43.17269604
29.3421577|47.675673
35.092739|129.024555
1.538407608|110.3591551
4.2083421|113.896954
4.594687304|101.0900667
21.550608|39.207772
30.045241|31.361837
25.251309|55.340652
30.0416602|31.2632365
35.953898|139.447013
24.501235|54.376195
11.073294|106.169259
21.5555846|39.2268943
21.5365176|39.1893113
25.097646|55.1774763
30.0488178|31.2674817
3.1692613|101.7284216
21.437442|39.824653
1.4698556|103.755671
30.0440782|31.2639551
25.2772556|55.3501034
15.5343832|32.5766883
30.0471008|31.3689374
15.5348797|32.5654131
10.9365332|106.135858
3.2058171|101.7133553
2.7287782|101.9805338
15.5249988|32.5754402
1.5972237|103.8395596
35.6208641|139.6770995
48.90496439|2.368273562
21.5572914|39.2275197
21.5418|39.15909
-34.904317|-56.1998737
21.4154205|39.8297757
1.470103333|103.7560233
30.042418|31.263413
15.5292896|32.5646712
25.172515|55.409038
25.0050581|121.2584504
1.461145373|103.9166328
1.322583|103.909602
19.3599807|-99.1471719
1.4700792|103.755915
3.0465984|101.5749882
30.055679|31.3400217
-27.3941624|-56.0004064
25.2134426|55.2809297
30.0469998|31.3727476
-6.9319687|-34.8686777
-25.4005857|133.8294898
24.4827045|54.3683349
21.552286|39.19411
62.19253219|99.09189664
-12.59839426|-38.72846508
1.4700546|103.755789
24.4603652|39.6000228
52.2139407|104.3064603
15.5354372|32.5640549
3.221578274|101.7303775
1.4697588|103.7569762
3.149196|101.432877
23.6410606|53.6872522
3.0417819|101.7664477
1.324627|103.737953
15.53696375|32.56460545
36.7452781|-4.4172185
41.9104897|12.4935481
29.06532846|-112.3470592
15.528538|32.57865
30.045458|31.365381
-33.86046872|151.1924266
3.2046704|101.4972812
30.050943|31.263911
22.3719978|114.103531
1.46989|103.755656
24.7880734|46.692721
21.5490785|39.146401
45.516144|9.2277846
3.1112637|101.7517987
-23.52878995|-60.02121822
49.464589|11.070065
15.52415937|32.57543677
1.578515|103.650035
25.208173|55.276097
47.61196|17.8116899
30.0398819|31.339991
24.5610834|120.8504327
23.4757477|120.4425717
25.8275415|72.2465291
32.7521189|129.8726674
-32.079871|115.928408
1.4718205|103.756252
1.469906|103.75573
11.074556|106.167057
30.0436896|31.2609427
31.073882|27.955853
35.67844924|139.7724741
3.1828185|101.7386809
30.0350131|31.2311714
22.2826989|114.1295843
16.0507962|48.9803999
49.1232875|9.739679
1.3158183|103.8525162
21.5431956|39.1618885
1.470078|103.75595
30.0550459|31.3350362
30.049123|31.267736
4.1619749|117.893256
25.27315305|51.54075091
30.0428846|31.3317393
15.527665|32.57573
15.536999|32.564696
4.864864865|114.9004166
3.0109024|101.6084994
30.0429318|31.2631527
22.3769556|113.9884202
24.762786|46.774004
30.0441192|31.2624669
3.07703|101.6063114
34.394251|133.073781
2.650607|101.7486476
4.8314984|114.8206756
19.3599807|-99.1471719
34.0319093|-84.0229128
21.4514861|39.3010933
1.470066|103.757031
3.246024|101.7142562
30.0694709|31.2781819
35.851975|129.203263
15.5332308|32.5700699
48.5139831|44.539008
3.2343211|101.6880868
37.881478|126.76444
5.3088698|103.1401923
13.6685105|102.565849
3.067959|103.070172
3.7950543|103.2661674
33.670886|-117.79526
31.8019988|35.092318
24.1332176|120.6915426
15.72653134|102.2958114
1.4599146|103.8743467
19.3599807|-99.1471719
22.156561|113.5561612
34.224079|136.397035
30.043848|31.360831
24.4810635|39.5705442
15.5376825|32.568177
19.3599807|-99.1471719
30.04695497|31.26606861
30.0456265|31.374006
21.4159993|39.8306182
2.6808642|101.9853172
15.525305|32.571778
1.47065|103.75609
22.9984646|120.2115182
1.469938|103.755389
30.0436966|31.2632926
30.0420852|31.2635154
1.4698548|103.7554573
15.539577|32.566166
1.4700427|103.7558987
30.0485549|31.2673198
15.536825|32.564023
16.0507689|48.9804132
25.169397|55.271659
3.1477819|101.7709733
51.50579966|-0.128769972
3.2002454|101.712834
4.916315|114.915825
1.470044|103.755974
28.9931938|48.1526452
21.4910606|39.219293
1.4700577|103.7559065
25.5650794|-103.4725506
21.5386401|39.164934
25.2896951|55.3118734
30.0446854|31.2611638
30.047419|31.370151
30.0358066|31.2603117
1.520587|103.7374369
16.0533205|48.9738238
15.5385087|32.5622642
3.054813943|101.7813895
3.1095125|101.7511695
19.3599807|-99.1471719
25.3140542|51.3868781
24.0766622|52.6592283
26.40018|43.932249
1.469904|103.755695
5.2789396|100.4888508
51.4168178|17.9361792
43.4853126|3.6973507
25.128078|121.739547
1.591102|103.688072
28.1328929|-15.4241973
10.936093|106.136977
10.6332052|103.5192721
10.6053243|103.5489114
24.7413848|46.6907239
10.628208|103.520882
15.5271627|32.575628
13.6660438|102.568709
3.1655753|101.7652263
23.5782877|120.5604938
3.1257229|101.6399704
3.2381138|101.6521154
1.515131|110.387465
11.0660711|106.1661725
25.007547|121.2857508
51.2236611|4.4542072
22.3697826|114.2637653
13.66053|102.5752855
34.829301|135.517646
1.3926106|103.5421367
14.5611825|121.0232285
5.959097|100.3618951
11.074416|106.1671641
2.9732533|101.8578383
21.4435612|39.8443608
22.4486902|114.0231175
40.6735909|140.4170855
22.7239217|120.3244909
30.0451987|31.3608705
35.7022753|139.7001284
21.4452639|39.7988447
1.3275689|103.9223796
22.6473666|120.3029107
30.0442912|31.2639736
25.030258|121.551116
34.5881672|133.0680199
35.842341|139.9953256
-9.4259453|160.0557103
36.7644918|34.5097255
-3.0554809|-60.0380505
21.5973472|39.1623716
21.4330842|39.8545361
34.5029853|135.5553272
-20.0062503|-44.166672
35.71416|139.71875
13.6720493|102.5752863
24.4131537|120.770604
13.65987|102.565389
1.548044|103.750069
30.0437393|31.2626283
25.0837547|121.5940813
35.706317|139.7341654
32.021199|35.869897
3.2115834|101.7099828
16.051037|48.9814482
26.4060377|50.1207409
10.6160335|103.5263267
3.165992|101.6977501
22.3422641|114.1922414
39.23753169|-8.801907203
3.0858951|101.6464844
34.722117|137.533158
2.90251|101.533322
1.5013802|103.7495213
36.3643785|127.3525758
3.2062099|101.6903434
3.076198|101.5873424
24.1811945|120.6869043
2.057773|102.5857507
21.3768191|100.1366492
22.3258077|114.2582418
23.776261|120.5795457
2.930167|101.7970522
10.624658|103.529671
13.6633321|102.5535606
24.9769253|121.5271744
1.468929|103.647581
25.0156125|121.4323953
21.693196|39.118384
10.6327754|103.5083649
30.0480184|31.2670449
10.6378045|103.5149432
13.6669935|102.5661693
24.0808328|38.0605769
1.4914623|103.7018477
13.6818794|102.5709504
14.561534|121.018106
34.2079143|132.2166084
13.65756|102.5572101
35.66776|139.696655
1.5588608|103.8530876
11.0660713|106.1658986
37.7826237|30.5412973
10.6371744|103.5149219
4.9476818|114.9432656
14.5634623|121.0097818
13.676269|102.561402
25.1148976|121.5308654
24.4614635|39.6089122
13.6673303|102.5662851
22.3226364|114.2536248
4.5031587|101.4100955
13.6595828|102.5579103
14.5585702|121.019268
30.0440296|31.2630029
1.3306|103.8087684
2.8367908|101.7876385
14.562506|121.022093
36.327432|137.893346
1.4635412|103.9337955
2.6875951|101.9936876
3.0395231|101.3830993
34.648436|135.592881
10.963446|105.060379
14.5582919|121.0194266
2.6863056|101.5636689
34.7968352|138.2825855
2.9751129|101.7553175
50.1426359|8.6499662
30.0487108|31.3699105
3.2000388|101.7134124
13.6693724|102.5652849
33.2132512|-87.5552921
11.07756|106.164913
2.912198|101.4832071
22.3367397|114.1560069
35.105383|136.214327
4.2983703|100.6244061
22.631634|120.297809
13.6793851|102.5620661
4.5594473|114.0248281
13.6776962|102.5610543
13.660861|102.555334
1.5270429|110.3716549
10.6158368|103.5254985
59.8489959|17.595963
35.6327828|139.7036054
11.0733801|106.1692968
13.681172|102.583362
13.6673107|102.564764
10.6327805|103.5083407
34.353471|132.535086
25.0606317|121.5586469
1.7719421|104.1705153
25.0004502|121.46197
35.6055873|139.6123522
43.6050651|141.3828843
-8.560539|125.5417098
13.66953|102.565208
3.0542588|101.5444774
13.6714047|102.5633401
1.3503192|103.704347
52.063394|4.3313079
3.0436777|101.6035426
3.1991334|101.7215046
14.558318|121.0193044
10.6378406|103.5149689
13.6665723|102.5619581
30.0697054|31.275973
30.047363|31.371741
40.9966938|28.8463897
1.3337829|103.8720637
25.0064159|55.134307
34.032422|131.199294
22.4579909|120.4508168
3.1623141|101.6020338
5.4126298|100.3011965
22.4574827|113.9993633
25.0350667|121.1182307
3.0309749|103.1122305
32.07364878|54.35112859
3.132029|101.6333768
10.996494|104.97391
10.6124139|103.534901
13.672884|102.564158
35.0382153|135.7693485
10.6378781|103.5151762
13.66923|102.561585
10.6327766|103.5083595
36.051045|139.871649
3.1124214|101.7556963
33.4159298|126.2591183
15.535145|32.566457
35.668385|139.697357
3.1768404|101.7250664
14.433776|103.701993
2.2271471|102.2570435
1.3910199|103.8942228
30.0452135|31.3661376
13.6672723|102.5663122
10.63312|103.5083963
52.5329708|13.3515453
25.3401454|56.1733367
10.6294118|103.5258165
24.8280703|121.0757463
1.7771445|103.0275928
4.264619|100.6602749
22.4624203|113.9984383
36.1075848|139.2825916
3.1250863|101.434946
13.6604015|102.5585951
2.9306332|101.3315872
1.4681377|103.7705441
2.9265079|101.7725004
3.1490184|101.7444246
32.5363432|35.8494149
31.961326|131.301786
36.233787|139.408086
10.613665|103.540505
37.83296313|138.8940818
25.055485|121.549948
-33.926309|151.057021
10.9541648|105.0799875
36.6857893|138.3260707
-14.78547095|25.66641346
30.0413231|31.2603523
13.6784947|102.5616624
11.0744673|106.1671367
13.6632115|102.5607817
10.6415806|103.5368531
3.2057726|101.7657999
11.0724975|106.1608425
5.8457496|117.3467737
26.0510595|43.9760046
10.954887|105.071759
10.9550503|105.0718478
13.6762129|102.5594439
35.667373|139.6957641
1.4819277|103.685967
25.0352641|121.5436417
35.0461005|136.9781716
14.5583554|121.0193024
13.660049|102.562651
11.5249627|104.9623288
5.4135055|102.0031497
13.7582585|100.7929463
14.5583232|121.0193009
10.6378587|103.5152567
1.562336612|110.3795833
36.668019|127.384057
13.6763023|102.561448
24.765455|46.70339667
13.6658546|102.559209
-33.926425|151.061178
11.0660448|106.1618809
23.9323842|120.7002587
5.4217786|100.4328075
15.5351967|32.5678523
1.5055515|110.3478008
22.3846988|114.1991952
4.4395454|114.009391
24.9897972|121.5329213
21.6273694|39.16684
24.5401805|46.6548532
24.0743984|52.6571206
39.9249869|-86.0667774
19.3599807|-99.1471719
43.37249|142.45853
1.5253024|103.7750542
21.619184|39.16182
22.3265518|114.1852898
14.5593405|121.0200257
2.5803817|101.8458727
13.6808296|102.5704821
30.0493441|31.3658979
10.9596836|105.0731705
30.0396154|31.2616163
25.010712|121.446015
13.6654504|102.5704519
35.667761|139.696643
13.67413|102.569119
3.2217544|101.7313128
10.6160918|103.5178218
10.9598073|105.0737592
11.0685722|106.1763197
34.912576|136.538648
5.2606874|103.1795717
35.2069435|139.6266997
1.6736417|103.4855782
35.8977408|139.8440296
10.6378899|103.5151822
10.609295|103.517391
39.925171|-86.0665995
14.5669087|121.0125228
13.680334|102.5623
34.8200227|135.4029291
18.7998351|98.9585198
31.733566|131.0611411
35.701823|139.696347
14.4594331|120.9225038
2.4806279|102.9783574
13.6416449|102.5763949
2.9937953|101.770169
34.8366843|135.2376527
30.0610186|31.3812974
13.6685881|102.5603321
13.659636|102.558997
21.448598|39.8034072
30.0449854|31.3768183
21.6552811|39.1353153
24.76549911|120.9789581
24.0444473|120.6875947
10.6310036|103.526943
24.78349508|121.1808338
3.0750436|101.5506843
34.821549|137.893057
25.0608297|121.4995269
59.92557348|10.76505996
13.641877|102.577796
3.0783773|101.6668753
39.4950106|29.8965105
10.6064768|103.5451566
13.658591|102.557736
15.5427678|32.566792
3.133275|101.7888599
21.660871|39.175109
5.3339592|100.2922751
3.1543041|101.6292929
13.677479|102.5628365
13.659711|102.558951
5.159988|119.142161
10.6197393|103.5384701
3.1660243|101.691492
10.622172|103.515837
13.6571318|102.5651292
15.5238892|32.5759815
1.3606959|103.8825705
13.671952|102.5603601
10.6253922|103.5073586
3.0810462|101.6062392
35.4379962|139.5978831
14.6073855|121.0561176
25.4794104|56.1897523
21.404866|39.791161
30.0401277|31.2604873
22.3883231|114.2039397
33.8890697|130.7100486
13.6602356|102.5627556
1.3241831|103.9236491
2.9188326|101.4730036
24.6653415|46.704323
30.0446209|31.3657318
21.3867147|39.751516
2.8132951|101.7360022
47.775928|18.753029
30.042616|31.261479
1.5977284|103.851879
10.624676|103.530093
36.1220584|139.5979681
13.6418207|102.5781712
36.1969463|139.816262
36.1544109|-5.352578
1.303187|103.7551657
30.0440588|31.2626775
10.9404889|105.0761372
24.9639494|121.5409207
2.948333|101.876384
3.027124|101.750672
15.5386129|32.560783
10.6220719|103.5156935
14.43364|103.701861
36.743743|138.34777
4.3461705|100.6624216
10.634038|103.510641
4.8529962|114.8729732
5.414329|103.084528
1.7311566|103.3866331
30.042607|31.263964
1.312785|103.890611
2.6881153|101.9107536
1.3658556|103.9570014
3.2368729|101.7128282
18.1864093|42.8424461
1.5932651|103.6490197
30.047209|31.2665141
3.1600963|101.6239535
24.4817941|39.6268858
36.3288415|139.8158356
11.08108108|106.1593968
34.9452243|136.9879395
37.3252655|127.8288034
30.1266074|31.3064424
1.6147728|103.6554316
3.1089691|101.6694811
14.5583134|121.0192435
13.6666684|102.5618776
35.6681726|139.6970405
3.232742|101.674652
13.6849184|102.5661002
13.665954|102.568607
35.018679|134.761689
10.6378087|103.514947
3.1532429|101.6030193
13.671402|102.5655741
24.0640706|120.5431843
30.0415182|31.2617634
13.6745141|102.5758985
4.7516934|100.7201785
16.0526814|48.9813753
30.045743|31.356603
30.0479706|31.375097
3.0657763|101.6824029
30.0411208|31.2602796
24.0595973|120.4414941
13.669028|102.563578
14.5583607|121.0193173
1.6075684|103.7924664
11.0733407|106.1692664
25.1611533|121.4564656
13.6674048|102.5611034
2.2054443|102.2445993
10.617187|103.521939
3.03421|101.775694
11.0701635|106.153266
30.0420567|31.2622987
33.5541815|131.2701469
33.5329487|36.2931717
13.6821326|102.5630434
11.074822|106.167082
13.652991|102.57009
30.0485578|31.2674488
13.679296|102.563254
14.3949567|33.5502326
24.904706|121.058442
24.7945628|46.7095832
25.1186574|121.5313858
3.203741|101.704492
10.6093801|103.517211
30.0451439|31.35794
24.4810353|46.2137941
30.0418345|31.3357476
30.0477064|31.265227
30.0398901|31.261759
13.666637|102.566252
13.6723982|102.565662
3.2193427|101.7182541
13.658842|102.552604
30.05216|31.379265
2.938409|101.671276
14.5583334|121.0193057
10.629377|103.525473
5.2765396|100.4757711
3.072936|101.543676
3.1885568|101.7364176
3.2077035|101.732748
35.4308541|136.8817688
30.0510745|31.2678285
30.045895|31.361854
3.020282|102.0998602
22.637133|120.303124
1.4117739|103.8329515
1.6048481|103.802246
33.554391|131.269799
13.663895|102.568213
13.661204|102.562181
36.153864|140.511044
13.662615|102.557463
30.046957|31.374736
25.0830505|121.4863684
21.399559|39.789883
10.6047279|103.5638613
34.9472357|137.0064878
30.0424696|31.2638152
3.322973|101.584164
14.5583454|121.0193337
5.316917|100.43688
3.1650113|101.7104902
10.6330311|103.5122279
14.5606974|121.0186374
29.9935019|31.312108
13.6789559|102.5613222
1.5223824|103.8040571
3.423825|101.4442448
30.0667255|31.2814907
13.6793176|102.5614963
1.8636227|103.0008876
18.2395474|42.5837816
23.6474899|120.5868332
13.6822142|102.563145
3.0118856|101.7670838
13.673167|102.565021
13.66727782|102.5663919
13.6788961|102.5617137
1.4719641|103.7643007
14.5669599|121.028077
1.2931241|103.8283282
2.993796|102.85693
4.5413219|101.0536749
30.0563164|31.2767957
10.6290391|103.5359649
21.4159816|39.8310622
1.52276|110.352742
14.5583138|121.0193188
3.1103746|101.5857425
10.6327992|103.5083148
13.6570753|102.5651626
4.9086331|114.9143209
2.90244|101.533455
14.4899886|49.0441266
13.6795523|102.5628187
10.9595401|105.0724974
3.11159217|101.7511001
34.290649|133.865731
3.066816|101.488615
13.6417556|102.5781027
21.5691025|39.2075388
1.4573397|103.9102301
22.3166418|114.1702464
3.0597328|101.7702908
23.00355|120.203483
1.3512334|104.2234324
23.5696132|120.3059411
30.042951|31.26409
3.078596|101.4009391
1.441575|103.7912712
1.3470357|103.7541614
3.3839094|101.214529
30.0477005|31.2652064
26.276774|127.796762
10.6328176|103.5083067
2.8869601|112.8495026
2.9554449|101.7519741
35.2051106|139.6101169
24.8339926|121.2089978
30.0399203|31.2617356
23.7963134|120.478785
33.532566|36.293701
3.077049|101.6282092
33.9816437|131.2664726
3.1342023|101.7675158
4.9455887|114.9149319
34.5543869|133.6811223
10.9648635|105.0603297
4.2587214|100.6152565
24.0788981|120.5394906
30.043998|31.26401
10.9581549|105.0749122
25.343144|51.5064257
21.4172047|39.8313324
35.668015|139.696423
10.6296027|103.5254643
14.5573297|121.0085939
4.5274089|101.0063813
13.650988|102.567515
36.1074272|128.4924018
30.0430801|31.2629015
28.400269|129.526552
10.632532|103.5156517
1.96342|103.129197
20.3465095|100.1008835
30.042633|31.263247
13.677562|102.571139
21.4886015|39.1823084
23.0056371|91.3828669
36.0943666|140.101906
13.6311289|100.5374585
21.546267|39.1828545
2.9200583|101.646123
23.005637|91.382867
4.394616|113.9872526
21.55088638|39.21255428
10.6331919|103.5083795
-33.92224179|18.42410836
33.3560374|129.6684954
29.7830283|122.0902659
4.6240154|101.1350151
13.6626702|102.5695537
4.1622191|117.8752807
5.3293034|100.2850389
21.5512308|39.1932511
36.1196873|128.3655656
34.4901604|135.6203978
2.996546|101.535671
32.070287|121.089903
11.0717633|106.1634802
16.0511149|48.9813562
11.0661563|106.1658443
14.5585112|121.0193317
10.961124|105.0621344
10.621903|103.515836
25.2718443|51.5138862
25.1471004|51.6069034
31.8258154|34.6434837
22.1945796|113.5444651
22.399734|113.9782643
30.05619|31.275647